------------------------------------------------------------------------------------------------------------------------------------------------------------------------------------------------------------------------------
chapter 1
------------------------------------------------------------------------------------------------------------------------------------------------------------------------------------------------------------------------------
movie Cutscene_1

seed 0;s:436978527;h:0,0,0,0;t:sea;n:1;l:4958;u:0,0,0,0,0,0,0,0,0,1.564028,0,0,0,0,0,0,0,0,0,0,0,0,0,0.1811637;fadein;opendoor:30;opendoorsound;song:Writer's_Block^Peacemaker;
seed 0;s:1315948420;h:0,0,0,0;t:sea;n:1;l:4958;u:0,0,0,0,0,0,0,0,0,1.564028,0,0,0,0,0,0,0,0,0,0,0,0,0,0.1811637;
seed 0;s:436978527;h:0,0,0,0;t:sea;n:1;l:4958;u:0,0,0,0,0,0,0,0,0,1.564028,0,0,0,0,0,0,0,0,0,0,0,0,0,0.1811637;fadein;opendoor:30;opendoorsound;song:Writer's_Block^Peacemaker;
seed 0;s:1315948420;h:0,0,0,0;t:sea;n:1;l:4958;u:0,0,0,0,0,0,0,0,0,1.564028,0,0,0,0,0,0,0,0,0,0,0,0,0,0.1811637;
seed 0;s:436978527;h:0,0,0,0;t:sea;n:1;l:4958;u:0,0,0,0,0,0,0,0,0,1.564028,0,0,0,0,0,0,0,0,0,0,0,0,0,0.1811637;fadein;opendoor:30;opendoorsound;song:Writer's_Block^Peacemaker;
seed 0;s:1315948420;h:0,0,0,0;t:sea;n:1;l:4958;u:0,0,0,0,0,0,0,0,0,1.564028,0,0,0,0,0,0,0,0,0,0,0,0,0,0.1811637;
seed 0;s:436978527;h:0,0,0,0;t:sea;n:1;l:4958;u:0,0,0,0,0,0,0,0,0,1.564028,0,0,0,0,0,0,0,0,0,0,0,0,0,0.1811637;fadein;opendoor:30;opendoorsound;song:Writer's_Block^Peacemaker;
seed 0;s:1315948420;h:0,0,0,0;t:sea;n:1;l:4958;u:0,0,0,0,0,0,0,0,0,1.564028,0,0,0,0,0,0,0,0,0,0,0,0,0,0.1811637;

------------------------------------------------------------------------------------------------------------------------------------------------------------------------------------------------------------------------------
chapter 2
------------------------------------------------------------------------------------------------------------------------------------------------------------------------------------------------------------------------------
movie Cutscene_3

seed 0;s:1786548280;h:0,0,0,0;t:cloud;n:1;l:9002;u:0,0,0,0,0,0,0,0,0,0,0,0,0,0,0,2.507905,0,4.313034,0,0,0,3.913949,3.404449,0;fadein;opendoor:30;opendoorsound;song:Tidy_Up^Peacemaker;
seed 0;s:1370074388;h:0,0,0,0;t:cloud;n:1;l:9002;u:0,0,0,0,0,0,0,0,0,0,0,0,0,0,0,0,0,6.198003,0,0,0,3.913949,6.284642,0;
seed 0;s:1786548280;h:0,0,0,0;t:cloud;n:1;l:9002;u:0,0,0,0,0,0,0,0,0,0,0,0,0,0,0,2.507905,0,4.313034,0,0,0,3.913949,3.404449,0;fadein;opendoor:30;opendoorsound;song:Tidy_Up^Peacemaker;
seed 0;s:1370074388;h:0,0,0,0;t:cloud;n:1;l:9002;u:0,0,0,0,0,0,0,0,0,0,0,0,0,0,0,0,0,6.198003,0,0,0,3.913949,6.284642,0;
seed 0;s:1786548280;h:0,0,0,0;t:cloud;n:1;l:9002;u:0,0,0,0,0,0,0,0,0,0,0,0,0,0,0,2.507905,0,4.313034,0,0,0,3.913949,3.404449,0;fadein;opendoor:30;opendoorsound;song:Tidy_Up^Peacemaker;
seed 0;s:1370074388;h:0,0,0,0;t:cloud;n:1;l:9002;u:0,0,0,0,0,0,0,0,0,0,0,0,0,0,0,0,0,6.198003,0,0,0,3.913949,6.284642,0;
seed 0;s:1786548280;h:0,0,0,0;t:cloud;n:1;l:9002;u:0,0,0,0,0,0,0,0,0,0,0,0,0,0,0,2.507905,0,4.313034,0,0,0,3.913949,3.404449,0;fadein;opendoor:30;opendoorsound;song:Tidy_Up^Peacemaker;
seed 0;s:1370074388;h:0,0,0,0;t:cloud;n:1;l:9002;u:0,0,0,0,0,0,0,0,0,0,0,0,0,0,0,0,0,6.198003,0,0,0,3.913949,6.284642,0;

------------------------------------------------------------------------------------------------------------------------------------------------------------------------------------------------------------------------------
chapter 3
------------------------------------------------------------------------------------------------------------------------------------------------------------------------------------------------------------------------------
movie Cutscene_4


seed 0;s:2076066500;h:6,0,0,0;t:cave;n:1;l:15000;u:0,0,0,0,0,0,3.597496,0,0,0,0,0,0,0,0,0,0,0,0,0,0,4.543737,4.208188,4.414433;darkness;
seed 0;s:663535459;h:6,0,0,0;t:cave;n:1;l:15000;u:0,0,0,0,0,0,0,0,0,0,9,0,0,0,0,0,0,0,0,0,0,4.543737,4.208188,4.414433;darkness;
seed 0;s:1129827285;h:6,0,0,0;t:cave;n:1;l:15000;u:0,0,0,0,0,0,0,0,0,0,0,0,9,0,0,0,0,0,0,0,0,4.543737,4.208188,4.414433;wall;darkness;
seed 0;s:320361490;h:0,0,0,0;t:cave;n:3;l:5226;u:0,0,0,0,4.19503,0,4.494909,4.534298,0,0,4.569972,0,0,0,0,0,0,0,0,0,0,4.425226,4.307538,4.313069;u:0,0,0,0,4.19503,0,4.494909,4.534298,0,0,4.569972,0,0,0,0,0,0,0,0,0,0,4.425226,4.307538,4.313069;u:0,0,0,0,4.19503,0,4.494909,4.534298,0,0,4.569972,0,0,0,0,0,0,0,0,0,0,4.425226,4.307538,4.313069;
seed 0;s:191682473;h:0,0,0,0;t:cave;n:3;l:5380;u:0,0,0,0,0,4.341349,4.562721,4.527641,0,0,0,0,0,0,0,0,0,0,0,0,0,4.341115,4.559706,7.771596;u:0,0,0,0,0,4.341349,4.562721,4.527641,0,0,0,0,0,0,0,0,0,0,0,0,0,4.341115,4.559706,7.771596;u:0,0,0,0,0,4.341349,4.562721,4.527641,0,0,0,0,0,0,0,0,0,0,0,0,0,4.341115,4.559706,7.771596;
seed 0;s:135703562;h:0,0,0,0;t:cave;n:3;l:5380;u:0,0,0,0,9,0,0,0,0,0,0,0,4.378013,0,0,0,0,3.969931,0,0,0,4.341115,4.559706,7.771596;u:0,0,0,0,9,0,0,0,0,0,0,0,4.378013,0,0,0,0,3.969931,0,0,0,4.341115,4.559706,7.771596;u:0,0,0,0,9,0,0,0,0,0,0,0,4.378013,0,0,0,0,3.969931,0,0,0,4.341115,4.559706,7.771596;
seed 0;s:967426142;h:0,0,0,0;t:cave;n:3;l:5380;u:0,0,0,4.437078,0,0,0,0,0,0,4.327319,0,0,0,2.136625,0,0,0,0,0,0,4.341115,4.559706,7.771596;u:0,0,0,4.437078,0,0,0,0,0,0,4.327319,0,0,0,2.136625,0,0,0,0,0,0,4.341115,4.559706,7.771596;u:0,0,0,4.437078,0,0,0,0,0,0,4.327319,0,0,0,2.136625,0,0,0,0,0,0,4.341115,4.559706,7.771596;
seed 0;s:29408204;h:0,0,0,0;t:cave;n:3;l:5380;u:0,0,0,0,0,4.373787,0,0,0,4.710829,0,0,0,0,0,4.34509,0,0,0,0,0,4.341115,4.559706,7.771596;u:0,0,0,0,0,4.373787,0,0,0,4.710829,0,0,0,0,0,4.34509,0,0,0,0,0,4.341115,4.559706,7.771596;u:0,0,0,0,0,4.373787,0,0,0,4.710829,0,0,0,0,0,4.34509,0,0,0,0,0,4.341115,4.559706,7.771596;
seed 0;s:103047805;h:0,0,0,0;t:cave;n:3;l:5380;u:0,0,0,0,0,0,4.386626,9,0,0,0,0,0,0,0,0,0,0,0,0,0,4.341115,4.559706,7.771596;u:0,0,0,0,0,0,4.386626,9,0,0,0,0,0,0,0,0,0,0,0,0,0,4.341115,4.559706,7.771596;u:0,0,0,0,0,0,4.386626,9,0,0,0,0,0,0,0,0,0,0,0,0,0,4.341115,4.559706,7.771596;

------------------------------------------------------------------------------------------------------------------------------------------------------------------------------------------------------------------------------
chapter 4
------------------------------------------------------------------------------------------------------------------------------------------------------------------------------------------------------------------------------
movie Cutscene_5

seed seed 0;s:305632318;h:0,0,0,0;t:forest;n:2;l:5110;u:0,0,0,0,2.319968,0,0,1.375736,0,0,3.318264,0,0,0,0,0,0,0,0,0,0,1.659075,2.474871,0;u:0,0,0,0,2.319968,0,0,1.375736,0,0,3.318264,0,0,0,0,0,0,0,0,0,0,1.659075,2.474871,0;fadein;opendoor:30;opendoorsound;song:House^Blind_Digital;
seed seed 0;s:1959684395;h:0,0,0,0;t:forest;n:2;l:5110;u:0,0,0,0,0,3.211595,3.977276,0,0,2.200821,0,0,0,0,0,0,0,0,0,0,0,1.659075,2.474871,0;u:0,0,0,0,0,3.211595,3.977276,0,0,2.200821,0,0,0,0,0,0,0,0,0,0,0,1.659075,2.474871,0;fadeout;
seed seed 0;s:305632318;h:0,0,0,0;t:forest;n:2;l:5110;u:0,0,0,0,2.319968,0,0,1.375736,0,0,3.318264,0,0,0,0,0,0,0,0,0,0,1.659075,2.474871,0;u:0,0,0,0,2.319968,0,0,1.375736,0,0,3.318264,0,0,0,0,0,0,0,0,0,0,1.659075,2.474871,0;fadein;opendoor:30;opendoorsound;song:House^Blind_Digital;
seed seed 0;s:1959684395;h:0,0,0,0;t:forest;n:2;l:5110;u:0,0,0,0,0,3.211595,3.977276,0,0,2.200821,0,0,0,0,0,0,0,0,0,0,0,1.659075,2.474871,0;u:0,0,0,0,0,3.211595,3.977276,0,0,2.200821,0,0,0,0,0,0,0,0,0,0,0,1.659075,2.474871,0;fadeout;
seed seed 0;s:305632318;h:0,0,0,0;t:forest;n:2;l:5110;u:0,0,0,0,2.319968,0,0,1.375736,0,0,3.318264,0,0,0,0,0,0,0,0,0,0,1.659075,2.474871,0;u:0,0,0,0,2.319968,0,0,1.375736,0,0,3.318264,0,0,0,0,0,0,0,0,0,0,1.659075,2.474871,0;fadein;opendoor:30;opendoorsound;song:House^Blind_Digital;
seed seed 0;s:1959684395;h:0,0,0,0;t:forest;n:2;l:5110;u:0,0,0,0,0,3.211595,3.977276,0,0,2.200821,0,0,0,0,0,0,0,0,0,0,0,1.659075,2.474871,0;u:0,0,0,0,0,3.211595,3.977276,0,0,2.200821,0,0,0,0,0,0,0,0,0,0,0,1.659075,2.474871,0;fadeout;
seed seed 0;s:305632318;h:0,0,0,0;t:forest;n:2;l:5110;u:0,0,0,0,2.319968,0,0,1.375736,0,0,3.318264,0,0,0,0,0,0,0,0,0,0,1.659075,2.474871,0;u:0,0,0,0,2.319968,0,0,1.375736,0,0,3.318264,0,0,0,0,0,0,0,0,0,0,1.659075,2.474871,0;fadein;opendoor:30;opendoorsound;song:House^Blind_Digital;
seed seed 0;s:1959684395;h:0,0,0,0;t:forest;n:2;l:5110;u:0,0,0,0,0,3.211595,3.977276,0,0,2.200821,0,0,0,0,0,0,0,0,0,0,0,1.659075,2.474871,0;u:0,0,0,0,0,3.211595,3.977276,0,0,2.200821,0,0,0,0,0,0,0,0,0,0,0,1.659075,2.474871,0;fadeout;

movie Cutscene_6

end



------------------------------------------------------------------------------------------------------------------------------------------------------------------------------------------------------------------------------
chapter 5
------------------------------------------------------------------------------------------------------------------------------------------------------------------------------------------------------------------------------
seed seed 0;s:305632318;h:0,0,0,0;t:forest;n:2;l:5110;u:0,0,0,0,2.319968,0,0,1.375736,0,0,3.318264,0,0,0,0,0,0,0,0,0,0,1.659075,2.474871,0;u:0,0,0,0,2.319968,0,0,1.375736,0,0,3.318264,0,0,0,0,0,0,0,0,0,0,1.659075,2.474871,0;fadein;opendoor:30;opendoorsound;song:House^Blind_Digital;
seed seed 0;s:1959684395;h:0,0,0,0;t:forest;n:2;l:5110;u:0,0,0,0,0,3.211595,3.977276,0,0,2.200821,0,0,0,0,0,0,0,0,0,0,0,1.659075,2.474871,0;u:0,0,0,0,0,3.211595,3.977276,0,0,2.200821,0,0,0,0,0,0,0,0,0,0,0,1.659075,2.474871,0;fadeout;
seed seed 0;s:305632318;h:0,0,0,0;t:forest;n:2;l:5110;u:0,0,0,0,2.319968,0,0,1.375736,0,0,3.318264,0,0,0,0,0,0,0,0,0,0,1.659075,2.474871,0;u:0,0,0,0,2.319968,0,0,1.375736,0,0,3.318264,0,0,0,0,0,0,0,0,0,0,1.659075,2.474871,0;fadein;opendoor:30;opendoorsound;song:House^Blind_Digital;
seed seed 0;s:1959684395;h:0,0,0,0;t:forest;n:2;l:5110;u:0,0,0,0,0,3.211595,3.977276,0,0,2.200821,0,0,0,0,0,0,0,0,0,0,0,1.659075,2.474871,0;u:0,0,0,0,0,3.211595,3.977276,0,0,2.200821,0,0,0,0,0,0,0,0,0,0,0,1.659075,2.474871,0;fadeout;
seed seed 0;s:305632318;h:0,0,0,0;t:forest;n:2;l:5110;u:0,0,0,0,2.319968,0,0,1.375736,0,0,3.318264,0,0,0,0,0,0,0,0,0,0,1.659075,2.474871,0;u:0,0,0,0,2.319968,0,0,1.375736,0,0,3.318264,0,0,0,0,0,0,0,0,0,0,1.659075,2.474871,0;fadein;opendoor:30;opendoorsound;song:House^Blind_Digital;
seed seed 0;s:1959684395;h:0,0,0,0;t:forest;n:2;l:5110;u:0,0,0,0,0,3.211595,3.977276,0,0,2.200821,0,0,0,0,0,0,0,0,0,0,0,1.659075,2.474871,0;u:0,0,0,0,0,3.211595,3.977276,0,0,2.200821,0,0,0,0,0,0,0,0,0,0,0,1.659075,2.474871,0;fadeout;
seed seed 0;s:305632318;h:0,0,0,0;t:forest;n:2;l:5110;u:0,0,0,0,2.319968,0,0,1.375736,0,0,3.318264,0,0,0,0,0,0,0,0,0,0,1.659075,2.474871,0;u:0,0,0,0,2.319968,0,0,1.375736,0,0,3.318264,0,0,0,0,0,0,0,0,0,0,1.659075,2.474871,0;fadein;opendoor:30;opendoorsound;song:House^Blind_Digital;
seed seed 0;s:1959684395;h:0,0,0,0;t:forest;n:2;l:5110;u:0,0,0,0,0,3.211595,3.977276,0,0,2.200821,0,0,0,0,0,0,0,0,0,0,0,1.659075,2.474871,0;u:0,0,0,0,0,3.211595,3.977276,0,0,2.200821,0,0,0,0,0,0,0,0,0,0,0,1.659075,2.474871,0;fadeout;
seed seed 0;s:305632318;h:0,0,0,0;t:forest;n:2;l:5110;u:0,0,0,0,2.319968,0,0,1.375736,0,0,3.318264,0,0,0,0,0,0,0,0,0,0,1.659075,2.474871,0;u:0,0,0,0,2.319968,0,0,1.375736,0,0,3.318264,0,0,0,0,0,0,0,0,0,0,1.659075,2.474871,0;fadein;opendoor:30;opendoorsound;song:House^Blind_Digital;
seed seed 0;s:1959684395;h:0,0,0,0;t:forest;n:2;l:5110;u:0,0,0,0,0,3.211595,3.977276,0,0,2.200821,0,0,0,0,0,0,0,0,0,0,0,1.659075,2.474871,0;u:0,0,0,0,0,3.211595,3.977276,0,0,2.200821,0,0,0,0,0,0,0,0,0,0,0,1.659075,2.474871,0;fadeout;

end