------------------------------------------------------------------------------------------------------------------------------------------------------------------------------------------------------------------------------
chapter 1
------------------------------------------------------------------------------------------------------------------------------------------------------------------------------------------------------------------------------
movie Cutscene_1

seed 0;s:305632318;h:0,0,0,0;t:forest;n:2;l:5110;u:0,0,0,0,2.319968,0,0,1.375736,0,0,3.318264,0,0,0,0,0,0,0,0,0,0,1.659075,2.474871,0;u:0,0,0,0,2.319968,0,0,1.375736,0,0,3.318264,0,0,0,0,0,0,0,0,0,0,1.659075,2.474871,0;
seed 0;s:1959684395;h:0,0,0,0;t:forest;n:2;l:5110;u:0,0,0,0,0,3.211595,3.977276,0,0,2.200821,0,0,0,0,0,0,0,0,0,0,0,1.659075,2.474871,0;u:0,0,0,0,0,3.211595,3.977276,0,0,2.200821,0,0,0,0,0,0,0,0,0,0,0,1.659075,2.474871,0;

movie Cutscene_2

seed 0;s:1645468376;h:0,0,0,0;t:forest;n:2;l:5110;u:0,0,0,0,0,0,0,0,4.449125,3.782307,0,0,2.352331,0,0,0,0,0,0,0,0,1.659075,2.474871,0;u:0,0,0,0,0,0,0,0,4.449125,3.782307,0,0,2.352331,0,0,0,0,0,0,0,0,1.659075,2.474871,0;
seed 0;s:869566290;h:0,0,0,0;t:forest;n:2;l:5110;u:0,0,0,3.505287,4.33254,0,0,0,0,0,0,0,0,0,0,0,0,0,0,0,0,0,6.269605,0;u:0,0,0,3.505287,4.33254,0,0,0,0,0,0,0,0,0,0,0,0,0,0,0,0,0,6.269605,0;



------------------------------------------------------------------------------------------------------------------------------------------------------------------------------------------------------------------------------
chapter 2
------------------------------------------------------------------------------------------------------------------------------------------------------------------------------------------------------------------------------
movie Cutscene_3

seed 0;s:305632318;h:0,0,0,0;t:forest;n:2;l:5110;u:0,0,0,0,2.319968,0,0,1.375736,0,0,3.318264,0,0,0,0,0,0,0,0,0,0,1.659075,2.474871,0;u:0,0,0,0,2.319968,0,0,1.375736,0,0,3.318264,0,0,0,0,0,0,0,0,0,0,1.659075,2.474871,0;
seed 0;s:1959684395;h:0,0,0,0;t:forest;n:2;l:5110;u:0,0,0,0,0,3.211595,3.977276,0,0,2.200821,0,0,0,0,0,0,0,0,0,0,0,1.659075,2.474871,0;u:0,0,0,0,0,3.211595,3.977276,0,0,2.200821,0,0,0,0,0,0,0,0,0,0,0,1.659075,2.474871,0;



------------------------------------------------------------------------------------------------------------------------------------------------------------------------------------------------------------------------------
chapter 3
------------------------------------------------------------------------------------------------------------------------------------------------------------------------------------------------------------------------------
movie Cutscene_4

seed 0;s:305632318;h:0,0,0,0;t:forest;n:2;l:5110;u:0,0,0,0,2.319968,0,0,1.375736,0,0,3.318264,0,0,0,0,0,0,0,0,0,0,1.659075,2.474871,0;u:0,0,0,0,2.319968,0,0,1.375736,0,0,3.318264,0,0,0,0,0,0,0,0,0,0,1.659075,2.474871,0;
seed 0;s:1959684395;h:0,0,0,0;t:forest;n:2;l:5110;u:0,0,0,0,0,3.211595,3.977276,0,0,2.200821,0,0,0,0,0,0,0,0,0,0,0,1.659075,2.474871,0;u:0,0,0,0,0,3.211595,3.977276,0,0,2.200821,0,0,0,0,0,0,0,0,0,0,0,1.659075,2.474871,0;



------------------------------------------------------------------------------------------------------------------------------------------------------------------------------------------------------------------------------
chapter 4
------------------------------------------------------------------------------------------------------------------------------------------------------------------------------------------------------------------------------
movie Cutscene_5

seed 0;s:305632318;h:0,0,0,0;t:forest;n:2;l:5110;u:0,0,0,0,2.319968,0,0,1.375736,0,0,3.318264,0,0,0,0,0,0,0,0,0,0,1.659075,2.474871,0;u:0,0,0,0,2.319968,0,0,1.375736,0,0,3.318264,0,0,0,0,0,0,0,0,0,0,1.659075,2.474871,0;
seed 0;s:1959684395;h:0,0,0,0;t:forest;n:2;l:5110;u:0,0,0,0,0,3.211595,3.977276,0,0,2.200821,0,0,0,0,0,0,0,0,0,0,0,1.659075,2.474871,0;u:0,0,0,0,0,3.211595,3.977276,0,0,2.200821,0,0,0,0,0,0,0,0,0,0,0,1.659075,2.474871,0;

movie Cutscene_6

end



------------------------------------------------------------------------------------------------------------------------------------------------------------------------------------------------------------------------------
chapter 5
------------------------------------------------------------------------------------------------------------------------------------------------------------------------------------------------------------------------------
seed 0;s:305632318;h:0,0,0,0;t:forest;n:2;l:5110;u:0,0,0,0,2.319968,0,0,1.375736,0,0,3.318264,0,0,0,0,0,0,0,0,0,0,1.659075,2.474871,0;u:0,0,0,0,2.319968,0,0,1.375736,0,0,3.318264,0,0,0,0,0,0,0,0,0,0,1.659075,2.474871,0;
seed 0;s:1959684395;h:0,0,0,0;t:forest;n:2;l:5110;u:0,0,0,0,0,3.211595,3.977276,0,0,2.200821,0,0,0,0,0,0,0,0,0,0,0,1.659075,2.474871,0;u:0,0,0,0,0,3.211595,3.977276,0,0,2.200821,0,0,0,0,0,0,0,0,0,0,0,1.659075,2.474871,0;

end