------------------------------------------------------------------------------------------------------------------------------------------------------------------------------------------------------------------------------
chapter 1
------------------------------------------------------------------------------------------------------------------------------------------------------------------------------------------------------------------------------
seed 0;s:305632318;h:0,0,0,0;t:forest;n:1;l:5110;u:0,0,0,0,2.319968,0,0,1.375736,0,0,3.318264,0,0,0,0,0,0,0,0,0,0,1.659075,2.474871,0;u:0,0,0,0,2.319968,0,0,1.375736,0,0,3.318264,0,0,0,0,0,0,0,0,0,0,1.659075,2.474871,0;song:Writer's_Block^Peacemaker;newhero;
seed 0;s:305632318;h:1,0,0,0;t:forest;n:1;l:5110;u:0,0,0,0,2.319968,0,0,1.375736,0,0,3.318264,0,0,0,0,0,0,0,0,0,0,1.659075,2.474871,0;u:0,0,0,0,2.319968,0,0,1.375736,0,0,3.318264,0,0,0,0,0,0,0,0,0,0,1.659075,2.474871,0;newhero;

movie Cutscene_1

seed 0;s:436978527;h:0,0,0,0;t:sea;n:1;l:4958;u:0,0,0,0,0,0,0,0,0,1.564028,0,0,0,0,0,0,0,0,0,0,0,0,0,0.1811637;fadein;opendoor:30;opendoorsound;song:Writer's_Block^Peacemaker;
seed 0;s:1315948420;h:0,0,0,0;t:sea;n:1;l:4958;u:0,0,0,0,0,0,0,0,0,1.564028,0,0,0,0,0,0,0,0,0,0,0,0,0,0.1811637;
seed 0;s:1100354269;h:0,0,0,0;t:sea;n:1;l:4958;u:0,0,0,0.6991715,0,0,0,0,0,1.564028,0,0,0,0,0,0,0,0,0,0,0,0,0,0.1811637;
seed 0;s:624937468;h:0,0,0,0;t:sea;n:1;l:4958;u:0,0,0,0.6991715,0,0,0,0,0,1.564028,0,0,0,0,0,0,0,0,0,0,0,0,0,0.1811637;
seed 0;s:1077716403;h:0,0,0,0;t:sea;n:1;l:4958;u:0,0,0,0.9043691,0,0.9661232,0,0,0,0,0,0,0,0,0,0,0,0,0,0,0,0,0,0.1811637;
seed 0;s:335766447;h:0,0,0,0;t:sea;n:1;l:4958;u:0,0,0,0.9043691,0,0.9661232,0,0,0,0,0,0,0,0,0,0,0,0,0,0,0,0,0,0.1811637;
seed 0;s:549465631;h:0,0,0,0;t:sea;n:1;l:4958;u:0,0,0,0,0,0.4774271,0,0,0,0,0,0,0,0,0,0,0,0,0,0,0,0,0,0.1811637;
seed 0;s:587159319;h:0,0,0,0;t:sea;n:1;l:4958;u:0,0,0,0,0,0.4774271,0,0,0,0.6664154,0,0,0,0,0,0,0,0,0,0,0,0,0,0.1811637;
seed 0;s:988257969;h:0,0,0,0;t:sea;n:1;l:4958;u:0,0,0,0,0.4938543,0.4774271,0,0,0,0,0,0,0,0,0,0,0,0,0,0,0,0,0,0.1811637;
seed 0;s:1222635164;h:0,0,0,0;t:sea;n:1;l:4958;u:0,0,0,0,0.4938543,0.4774271,0,0,0,0,0,0,0,0,0,0,0,0,0,0,0,0,0,0.1811637;
seed 0;s:2136644365;h:0,0,0,0;t:sea;n:1;l:4958;u:0,0,0,0,1.155076,0,0,1.085001,0,0,0,0,0,0,0,0,0,0,0,0,0,0,0,0.1811637;
seed 0;s:1191503280;h:0,0,0,0;t:sea;n:1;l:4958;u:0,0,0,0,0,0,0,0.2639866,0,0,0,0,0,0,0,0,0,0,0,0,0,0,0,0.1811637;
seed 0;s:1321175189;h:0,0,0,0;t:sea;n:1;l:4958;u:0,0,0,0,0,0,0,0.2639866,0,0,0.5273591,0,0,0,0,0,0,0,0,0,0,0,0,0.1811637;
seed 0;s:811079385;h:0,0,0,0;t:sea;n:1;l:4958;u:0,0,0,0,0,0,0,0.2639866,0,0,0.5273591,0,0,0,0,0,0,0,0,0,0,0,0,0.1811637;
seed 0;s:1893351215;h:0,0,0,0;t:sea;n:1;l:4829;u:0,0,0,0,0,0,0,0,0,0,0.2978516,0,1.458987,0,0,0,0,0,0,0,0,0,0,0;
seed 0;s:1028201617;h:0,0,0,0;t:sea;n:1;l:4829;u:0,0,0,0,0,0,0,0,0,0,0,0,1.842343,0,0,0,0,0,0,0,0,0,0,0;
seed 0;s:775223731;h:0,0,0,0;t:sea;n:1;l:4829;u:0,0,0,0,0,0,0,0,0,0,0,0,2.942934,0,0,0,0,0,0,0,0,0.5854442,1.898154,0;
seed 0;s:660866802;h:0,0,0,0;t:sea;n:2;l:3968;u:0,0,0,0,0,0,0.4974512,0,0,0,0,0,1.231745,0,0,0,0,0,0,0,0,0.6043447,0.9847337,0;u:0,0,0,0,0,0,0.4974512,0,0,0,0,0,1.231745,0,0,0,0,0,0,0,0,0.6043447,0.9847337,0;
seed 0;s:518890513;h:0,0,0,0;t:sea;n:2;l:3968;u:0,0,0,0,0,0,1.957077,0,0,0,0,0,0,0,0,0,0,0,0,0,0,0,0.863472,0;u:0,0,0,0,0,0,1.957077,0,0,0,0,0,0,0,0,0,0,0,0,0,0,0,0.863472,0;
seed 0;s:141519575;h:0,0,0,0;t:sea;n:2;l:3968;u:0,0,0,0,0,0,0.322665,0,0,0,0,0,0,0.4886466,0,0,0,0,0,0,0,0,1.333345,0;u:0,0,0,0,0,0,0.322665,0,0,0,0,0,0,0.4886466,0,0,0,0,0,0,0,0,1.333345,0;
seed 0;s:600691601;h:0,0,0,0;t:sea;n:2;l:4555;u:0,0,0,0,0,0,0,0,0,0,0,0,0,0.5273591,0,0,0,0,0,0,0,0,1.649225,0;u:0,0,0,0,0,0,0,0,0,0,0,0,0,0.5273591,0,0,0,0,0,0,0,0,1.649225,0;
seed 0;s:422702246;h:0,0,0,0;t:sea;n:2;l:4912;u:0,0,0,0,0,0,0,0,0,0,0,0,0,0,0,0,0,0,1.486296,0,0,0,0,0;u:0,0,0,0,0,0,0,0,0,0,0,0,0,0,0,0,0,0,1.486296,0,0,0,0,0;
seed 0;s:978070644;h:0,0,0,0;t:sea;n:2;l:4912;u:0,0,0,0,0,0,0,0,0,0,0,0,0,0,0,0,0,0,1.486296,0,0,0,0,0;u:0,0,0,0,0,0,0,0,0,0,0,0,0,0,0,0,0,0,1.486296,0,0,0,0,0;
seed 0;s:1046943711;h:0,0,0,0;t:sea;n:2;l:5187;u:0,0,0,0,0,0.9720792,0.4476948,0,0,0,0,0,0,0,0,0,0,0,0,0,0,0.9054709,0.8312088,0;u:0,0,0,0,0,0.9720792,0.4476948,0,0,0,0,0,0,0,0,0,0,0,0,0,0,0.9054709,0.8312088,0;
seed 0;s:1230444837;h:0,0,0,0;t:sea;n:1;l:7411;u:0,0,0,0,0,0,0.4476948,0,0,0,0,0,0,0.9018561,0,0,0,0,0,0,0,0.9054709,0.8312088,0;
seed 0;s:2101983067;h:0,0,0,0;t:sea;n:2;l:5747;u:0,0,0,0,0.7073606,0,0,0,0,0,0,0,2.112213,0,0,0,0,0,0,0,0,0.9054709,0.8312088,0;u:0,0,0,0,0.7073606,0,0,0,0,0,0,0,2.112213,0,0,0,0,0,0,0,0,0.9054709,0.8312088,0;
seed 0;s:1576659546;h:0,0,0,0;t:sea;n:2;l:4567;u:0,0,0,0,0,1.16027,0,1.122566,0,0,0,0,0,0,0,0,0,0,0,0,0,0.9054709,0.8312088,0;u:0,0,0,0,0,1.16027,0,1.122566,0,0,0,0,0,0,0,0,0,0,0,0,0,0.9054709,0.8312088,0;
seed 0;s:1090281811;h:0,0,0,0;t:sea;n:2;l:5747;u:0,0,0,0,0,0,0.5154465,0.9163229,0,0,0,0,0,0,0,0,0,0,0,0,0,0.9054709,0.8312088,0;u:0,0,0,0,0,0,0.5154465,0.9163229,0,0,0,0,0,0,0,0,0,0,0,0,0,0.9054709,0.8312088,0;
seed 0;s:1656197965;h:0,0,0,0;t:sea;n:2;l:4567;u:0,0,0,0,1.198482,0,0,0,0,0,1.648098,0,0,0,0,0,0,0,0,0,0,0.9054709,0.8312088,0;u:0,0,0,0,1.198482,0,0,0,0,0,1.648098,0,0,0,0,0,0,0,0,0,0,0.9054709,0.8312088,0;
seed 0;s:1635790051;h:0,0,0,0;t:sea;n:1;l:6525;u:0,0,0,0.9276024,0,0,0,1.609199,0,0,0,0,0,0,0,0,0,0,0,0,0,0.9054709,0.8312088,0;
seed 0;s:1720190642;h:0,0,1,0;t:cave;n:2;l:5903;u:0,0,0,0,0,0.9015446,0,0,0,0.7267201,0,0,0,0,0,0,0,0,0,0,0,0.9054709,0.8312088,0;u:0,0,0,0,0,0.9015446,0,0,0,0.7267201,0,0,0,0,0,0,0,0,0,0,0,0.9054709,0.8312088,0;newhero;
seed 0;s:1790216135;h:0,0,1,0;t:cave;n:2;l:5903;u:0,0,0,0,0,0,0.8717632,0,0,0,1.149778,0,0,0,0,0,0,0,0,0,0,0.9054709,0.8312088,0;u:0,0,0,0,0,0,0.8717632,0,0,0,1.149778,0,0,0,0,0,0,0,0,0,0,0.9054709,0.8312088,0;
seed 0;s:1374772385;h:0,0,1,0;t:cave;n:2;l:5903;u:0,0,0,0,0,0,0,0,0,1.176301,1.149778,0,0,0,0,0,0,0,0,0,0,0.9054709,0.8312088,0;u:0,0,0,0,0,0,0,0,0,1.176301,1.149778,0,0,0,0,0,0,0,0,0,0,0.9054709,0.8312088,0;
seed 0;s:1120674534;h:0,0,1,0;t:cave;n:2;l:5903;u:0,0,0,0,0,0,1.75631,0,0,1.176301,0,0,0,0,0,0,0,0,0,0,0,0.9054709,0.8312088,0;u:0,0,0,0,0,0,1.75631,0,0,1.176301,0,0,0,0,0,0,0,0,0,0,0,0.9054709,0.8312088,0;
seed 0;s:330910127;h:0,0,1,0;t:cave;n:1;l:7518;u:0,0,0,0,0,0,0,0,0,0.5154465,0,0,0,0.7976687,0,0,0,0,0,0,0,0.9054709,0.8312088,0;Wall;
seed 0;s:1510869132;h:0,0,0,0;t:hills;n:1;l:9817;u:0,0,0,0,0,0,0,0,0,0,0,0,0,0,0.9084268,0,0,0,0,0,0,0.9054709,0.8312088,0;newhero;
seed 0;s:2046854823;h:0,0,0,0;t:hills;n:2;l:5454;u:0,0,0,0,0,0,0,0,0,0,0,0,2.575184,0,1.363375,0,0,0,0,0,0,0,0,0;u:0,0,0,0,0,0,0,0,0,0,0,0,2.575184,0,1.363375,0,0,0,0,0,0,0,0,0;
seed 0;s:652378360;h:0,0,0,0;t:hills;n:2;l:5454;u:0,0,0,0,1.576154,0,0,0,0,0,0,0,2.575184,0,3.184339,0,0,0,0,0,0,0,0,0;u:0,0,0,0,1.576154,0,0,0,0,0,0,0,2.575184,0,3.184339,0,0,0,0,0,0,0,0,0;
seed 0;s:1782296961;h:0,0,0,0;t:hills;n:2;l:4970;u:0,0,0,0,1.560925,1.647506,0,0,0,0,0,0,2.575184,0,0,0,0,0,0,0,0,1.572559,1.632864,0;u:0,0,0,0,1.560925,1.647506,0,0,0,0,0,0,2.575184,0,0,0,0,0,0,0,0,1.572559,1.632864,0;
seed 0;s:543888217;h:0,0,0,0;t:hills;n:2;l:4970;u:0,0,0,0,1.560925,3.742696,2.844277,0,0,0,0,0,0,0,0,0,0,0,0,0,0,1.572559,1.632864,0;u:0,0,0,0,1.560925,3.742696,2.844277,0,0,0,0,0,0,0,0,0,0,0,0,0,0,1.572559,1.632864,0;
seed 0;s:31805086;h:0,0,0,0;t:hills;n:2;l:4970;u:0,0,0,0,0,1.587991,1.256095,3.255098,0,0,0,0,0,0,0,0,0,0,0,0,0,1.572559,1.632864,0;u:0,0,0,0,0,1.587991,1.256095,3.255098,0,0,0,0,0,0,0,0,0,0,0,0,0,1.572559,1.632864,0;
seed 0;s:1275136926;h:0,0,0,0;t:hills;n:2;l:4970;u:0,0,0,0,2.053205,0,0,2.295746,0,0,0,0,0,2.179291,0,0,0,0,0,0,0,1.572559,1.632864,0;u:0,0,0,0,2.053205,0,0,2.295746,0,0,0,0,0,2.179291,0,0,0,0,0,0,0,1.572559,1.632864,0;
seed 0;s:96799074;h:0,0,0,0;t:hills;n:2;l:5482;u:0,0,0,0,1.828118,0,0,1.792266,0,0,0,0,2.362334,0,0,0,0,0,0,0,0,0,0,0;u:0,0,0,0,1.828118,0,0,1.792266,0,0,0,0,2.362334,0,0,0,0,0,0,0,0,0,0,0;
seed 0;s:1410216143;h:0,0,0,0;t:hills;n:2;l:5482;u:0,0,0,1.238351,1.828118,0,1.873108,0,0,0,0,0,0,0,0,0,0,0,0,0,0,0,0,0;u:0,0,0,1.238351,1.828118,0,1.873108,0,0,0,0,0,0,0,0,0,0,0,0,0,0,0,0,0;
seed 0;s:327290972;h:0,0,0,0;t:hills;n:2;l:4945;u:0,0,0,0,0,0,1.824572,1.774132,0,0,0,0,0,0,2.009284,0,0,0,0,0,0,1.815528,1.561244,0;u:0,0,0,0,0,0,1.824572,1.774132,0,0,0,0,0,0,2.009284,0,0,0,0,0,0,1.815528,1.561244,0;
seed 0;s:384825058;h:0,0,2,0;t:hills;n:1;l:10366;u:0,0,0,0,0,0,0,4.144228,0,0,0,0,0,0,0,0,0,0,0,0,0,1.815528,9,0;
seed 0;s:1762742872;h:0,0,2,0;t:hills;n:1;l:10366;u:0,0,0,0,0,0,0,4.144228,0,1.343767,0,0,0,0,0,0,0,0,0,0,0,1.815528,9,0;
seed 0;s:1864278161;h:0,0,2,0;t:hills;n:1;l:10366;u:0,0,0,0,0,0,0,4.144228,0,0,1.595636,0,0,0,0,0,0,0,0,0,0,1.815528,9,0;
seed 0;s:11517290;h:0,0,2,0;t:hills;n:1;l:9968;u:0,0,0,0.6749065,0,0,0,0.4539532,0,0,0,0,0,0,0,0,0,0,0,0,0,0,5.301589,0;
seed 0;s:366156805;h:0,0,2,0;t:hills;n:1;l:10366;u:0,0,0,0,1.158709,1.131765,1.239761,0,0,0,0,0,0,0,0,0,0,0,0,0,0,0,4.181993,0;
seed 0;s:1510657607;h:0,0,0,0;t:hills;n:2;l:5591;u:0,0,0,1.854748,1.831455,0,0,0,0,0,0,0,1.835316,0,0,0,0,0,0,0,0,1.84302,2.593619,0;u:0,0,0,1.854748,1.831455,0,0,0,0,0,0,0,1.835316,0,0,0,0,0,0,0,0,1.84302,2.593619,0;
seed 0;s:724742659;h:0,0,0,0;t:hills;n:2;l:5591;u:0,0,0,0,0,0,2.073105,0,0,0,0,0,1.835316,0,1.555165,0,0,0,0,0,0,0,1.656337,0;u:0,0,0,0,0,0,2.073105,0,0,0,0,0,1.835316,0,1.555165,0,0,0,0,0,0,0,1.656337,0;
seed 0;s:800106208;h:0,0,0,0;t:hills;n:2;l:5591;u:0,0,0,0,1.875618,0,2.073105,2.221956,0,0,0,0,0,0,0,0,0,0,0,0,0,0,1.656337,0;u:0,0,0,0,1.875618,0,2.073105,2.221956,0,0,0,0,0,0,0,0,0,0,0,0,0,0,1.656337,0;
seed 0;s:2113971631;h:0,0,0,0;t:hills;n:2;l:5591;u:0,0,0,1.177022,0,0,0,2.221956,0,2.482458,0,0,0,0,0,0,0,0,0,0,0,0,1.656337,0;u:0,0,0,1.177022,0,0,0,2.221956,0,2.482458,0,0,0,0,0,0,0,0,0,0,0,0,1.656337,0;
seed 0;s:1771395490;h:0,0,0,0;t:hills;n:2;l:5388;u:0,0,0,0,1.350374,1.204721,0,0,0,1.292675,0,0,0,0,0,0,0,0,0,0,0,1.238866,1.591622,0;u:0,0,0,0,1.350374,1.204721,0,0,0,1.292675,0,0,0,0,0,0,0,0,0,0,0,1.238866,1.591622,0;
seed 0;s:210195128;h:0,0,0,0;t:hills;n:2;l:5388;u:0,0,0,0,0.9106596,1.077411,0,0,0,0,0,0,0,1.206861,0,0,0,0,0,0,0,1.587478,1.115542,0;u:0,0,0,0,0.9106596,1.077411,0,0,0,0,0,0,0,1.206861,0,0,0,0,0,0,0,1.587478,1.115542,0;
seed 0;s:1847967211;h:0,0,0,0;t:hills;n:2;l:4886;u:0,0,0,0,0,1.026492,0,0,0,0,0,0,0.9764024,0,1.105457,0,0,0,0,0,0,0.8940175,2.011807,0;u:0,0,0,0,0,1.026492,0,0,0,0,0,0,0.9764024,0,1.105457,0,0,0,0,0,0,0.8940175,2.011807,0;
seed 0;s:247955490;h:0,0,0,0;t:hills;n:2;l:4886;u:0,0,0,0,1.171983,0,0,0,0,0,0,0,0.9764024,1.566273,0,0,0,0,0,0,0,1.812654,0,0;u:0,0,0,0,1.171983,0,0,0,0,0,0,0,0.9764024,1.566273,0,0,0,0,0,0,0,1.812654,0,0;
seed 0;s:1916344929;h:0,0,0,0;t:hills;n:2;l:4886;u:0,0,0,0,1.171983,0,1.489353,0,0,0,0,0,0,0,1.333102,0,0,0,0,0,0,1.812654,1.266074,0;u:0,0,0,0,1.171983,0,1.489353,0,0,0,0,0,0,0,1.333102,0,0,0,0,0,0,1.812654,1.266074,0;
seed 0;s:212808269;h:0,0,0,0;t:hills;n:2;l:4886;u:0,0,0,0,0,0,0,0,1.357035,0,0,0,1.169232,0,1.333102,0,0,0,0,0,0,1.812654,1.266074,0;u:0,0,0,0,0,0,0,0,1.357035,0,0,0,1.169232,0,1.333102,0,0,0,0,0,0,1.812654,1.266074,0;
seed 0;s:1067103492;h:0,0,0,0;t:hills;n:2;l:4886;u:0,0,0,0,0,0,0,1.563057,1.357035,0,1.123922,0,0,0,0,0,0,0,0,0,0,1.812654,1.266074,0;u:0,0,0,0,0,0,0,1.563057,1.357035,0,1.123922,0,0,0,0,0,0,0,0,0,0,1.812654,1.266074,0;
seed 0;s:248568506;h:0,0,0,0;t:hills;n:2;l:4886;u:0,0,0,0,1.568937,0,0,0,0,1.153672,1.123922,0,0,0,0,0,0,0,0,0,0,1.812654,1.266074,0;u:0,0,0,0,1.568937,0,0,0,0,1.153672,1.123922,0,0,0,0,0,0,0,0,0,0,1.812654,1.266074,0;
seed 0;s:1807184519;h:0,0,0,0;t:hills;n:2;l:4886;u:0,0,0,0,0,0,0,1.832433,0,2.701355,0,0,0,0,1.333825,0,0,0,0,0,0,1.157271,2.10999,0;u:0,0,0,0,0,0,0,1.832433,0,2.701355,0,0,0,0,1.333825,0,0,0,0,0,0,1.157271,2.10999,0;
seed 0;s:2100618011;h:0,0,0,0;t:hills;n:2;l:4886;u:0,0,0,1.604102,1.718704,0,0,0,0,2.701355,0,0,0,0,0,0,0,0,0,0,0,1.157271,2.10999,0;u:0,0,0,1.604102,1.718704,0,0,0,0,2.701355,0,0,0,0,0,0,0,0,0,0,0,1.157271,2.10999,0;
seed 0;s:966280290;h:0,0,0,0;t:hills;n:2;l:4886;u:0,0,0,0,1.718704,0,1.474604,0,0,0,0,0,0,1.612656,0,0,0,0,0,0,0,1.157271,2.10999,0;u:0,0,0,0,1.718704,0,1.474604,0,0,0,0,0,0,1.612656,0,0,0,0,0,0,0,1.157271,2.10999,0;
seed 0;s:534926361;h:0,0,0,0;t:hills;n:1;l:15000;u:0,0,0,1.580558,0,0,0,0,0,1.478611,1.526603,0,0,0,0,0,0,0,0,0,0,1.157271,2.10999,0;Wall;fadeout:.01;

movie Cutscene_2

seed 0;s:1573840108;h:0,0,0,0;t:forest;n:2;l:6163;u:0,0,0,1.588135,0,0,0,0,0,0,1.211863,0,0,0,0,0,0,0,0,0,0,1.325007,2.10999,0;u:0,0,0,1.588135,0,0,0,0,0,0,1.211863,0,0,0,0,0,0,0,0,0,0,1.325007,2.10999,0;fadein;opendoor:30;opendoorsound;song:Tidy_Up^Peacemaker;
seed 0;s:1925316113;h:0,0,0,0;t:forest;n:2;l:6163;u:0,0,0,0,1.596161,0,0.732995,0,0,0,0.5132101,0,0,0,0,0,0,0,0,0,0,1.325007,2.10999,0;u:0,0,0,0,1.596161,0,0.732995,0,0,0,0.5132101,0,0,0,0,0,0,0,0,0,0,1.325007,2.10999,0;
seed 0;s:604010634;h:0,0,0,0;t:forest;n:2;l:6163;u:0,0,0,0,1.596161,1.817322,0,0,1.649776,0,0,0,0,0,1.390675,0,0,0,0,0,0,1.325007,2.10999,0;u:0,0,0,0,1.596161,1.817322,0,0,1.649776,0,0,0,0,0,1.390675,0,0,0,0,0,0,1.325007,2.10999,0;
seed 0;s:20784432;h:0,0,0,0;t:forest;n:2;l:5737;u:0,0,0,0,0,0,1.44804,1.884969,0,0,0,0,1.474534,0,1.363153,0,0,0,0,0,0,1.606957,2.051719,0;u:0,0,0,0,0,0,1.44804,1.884969,0,0,0,0,1.474534,0,1.363153,0,0,0,0,0,0,1.606957,2.051719,0;
seed 0;s:490744489;h:0,0,0,0;t:forest;n:2;l:5737;u:0,0,0,1.384922,0,0,1.005016,1.884969,0,0.9372821,0,0,0,0,0,0,0,0,0,0,0,1.606957,2.051719,0;u:0,0,0,1.384922,0,0,1.005016,1.884969,0,0.9372821,0,0,0,0,0,0,0,0,0,0,0,1.606957,2.051719,0;
seed 0;s:959334481;h:0,0,0,0;t:forest;n:2;l:5737;u:0,0,0,0,0,1.395277,0,0,0,0.9372821,0,0,0.8845627,1.410674,0,0,0,0,0,0,0,1.606957,0.4555577,0;u:0,0,0,0,0,1.395277,0,0,0,0.9372821,0,0,0.8845627,1.410674,0,0,0,0,0,0,0,1.606957,0.4555577,0;
seed 0;s:536462924;h:0,0,0,0;t:forest;n:1;l:4153;u:0,0,0,0,0,0,0,0,0,0,0,0,6.885214,0,0,0,0,0,0,0,0,1.606957,0,0;
seed 0;s:2026484967;h:0,0,0,0;t:forest;n:2;l:5618;u:0,0,0,0,0.9362164,1.085223,0,0,0,0,0,0,0,1.121572,1.110864,0,0,0,0,0,0,1.632864,1.896324,0;u:0,0,0,0,0.9362164,1.085223,0,0,0,0,0,0,0,1.121572,1.110864,0,0,0,0,0,0,1.632864,1.896324,0;
seed 0;s:1517261921;h:0,0,0,0;t:forest;n:2;l:5618;u:0,0,0,0,0,0,0,1.354694,1.38252,0,1.338139,0,1.260206,0,0,0,0,0,0,0,0,1.632864,1.896324,0;u:0,0,0,0,0,0,0,1.354694,1.38252,0,1.338139,0,1.260206,0,0,0,0,0,0,0,0,1.632864,1.896324,0;
seed 0;s:97747201;h:0,0,0,0;t:forest;n:2;l:5618;u:0,0,0,0,1.26518,0,2.331044,1.354694,0,0.9372821,0,0,0,0,0,0,0,0,0,0,0,1.422302,1.896324,0;u:0,0,0,0,1.26518,0,2.331044,1.354694,0,0.9372821,0,0,0,0,0,0,0,0,0,0,0,1.422302,1.896324,0;
seed 0;s:1897654905;h:0,0,0,0;t:forest;n:2;l:5618;u:0,0,0,0,0,1.461308,2.331044,1.354694,0,0,0,0,1.321349,0,0,0,0,0,0,0,0,1.422302,1.896324,0;u:0,0,0,0,0,1.461308,2.331044,1.354694,0,0,0,0,1.321349,0,0,0,0,0,0,0,0,1.422302,1.896324,0;
seed 0;s:1490512135;h:0,0,0,0;t:forest;n:2;l:5618;u:0,0,0,4.744431,0,0,0,1.569532,0,0,0,0,0,0,0,0,0,0,0,0,0,1.422302,1.896324,0;u:0,0,0,4.744431,0,0,0,1.569532,0,0,0,0,0,0,0,0,0,0,0,0,0,1.422302,1.896324,0;
seed 0;s:1411584082;h:0,0,0,0;t:forest;n:2;l:5618;u:0,0,0,0,0,0,1.998485,0,1.626685,2.917716,0,0,0,0,0,0,0,0,0,0,0,1.422302,1.896324,0;u:0,0,0,0,0,0,1.998485,0,1.626685,2.917716,0,0,0,0,0,0,0,0,0,0,0,1.422302,1.896324,0;
seed 0;s:203262991;h:0,0,0,0;t:forest;n:2;l:5805;u:0,0,0,4.592111,0,0,0,0,0,3.941993,0,0,0,0,0,0,0,0,0,0,0,1.422302,1.896324,0;u:0,0,0,4.592111,0,0,0,0,0,3.941993,0,0,0,0,0,0,0,0,0,0,0,1.422302,1.896324,0;
seed 0;s:871462528;h:0,0,0,0;t:forest;n:2;l:5924;u:0,0,0,0,0,0,3.613824,0,0,1.010754,1.093939,0,0.858117,0,0,0,0,0,0,0,0,1.668333,1.254973,0;u:0,0,0,0,0,0,3.613824,0,0,1.010754,1.093939,0,0.858117,0,0,0,0,0,0,0,0,1.668333,1.254973,0;
seed 0;s:1219578390;h:0,0,0,0;t:forest;n:2;l:5924;u:0,0,0,0,0,0,0,0,0,6.049248,0,0,0,0,0,0,0,0,0,0,0,1.668333,1.254973,0;u:0,0,0,0,0,0,0,0,0,6.049248,0,0,0,0,0,0,0,0,0,0,0,1.668333,1.254973,0;
seed 0;s:353917119;h:0,0,0,0;t:forest;n:2;l:5924;u:0,0,0,0,0,3.848587,0,0,0,0,0,0,0,0,0,0,0,0,0,0,0,1.668333,1.254973,0;u:0,0,0,0,0,3.848587,0,0,0,0,0,0,0,0,0,0,0,0,0,0,0,1.668333,1.254973,0;
seed 0;s:1030848819;h:0,0,0,0;t:forest;n:2;l:5924;u:0,0,0,0,3.191843,0,2.254723,0,0,0,0,0,0,0,0,0,0,0,0,0,0,1.668333,1.254973,0;u:0,0,0,0,3.191843,0,2.254723,0,0,0,0,0,0,0,0,0,0,0,0,0,0,1.668333,1.254973,0;
seed 0;s:1858403662;h:0,0,0,0;t:forest;n:2;l:5110;u:0,0,0,2.25803,1.732027,0,2.924981,0,0,0,0,0,2.348705,0,0,0,0,0,0,0,0,1.659075,1.778027,0;u:0,0,0,2.25803,1.732027,0,2.924981,0,0,0,0,0,2.348705,0,0,0,0,0,0,0,0,1.659075,1.778027,0;
seed 0;s:1688635299;h:0,0,0,0;t:forest;n:2;l:5110;u:0,0,0,1.884969,1.732027,1.523419,0,1.657765,0,0,0,0,0,0,0,0,0,0,0,0,0,1.659075,2.474871,0;u:0,0,0,1.884969,1.732027,1.523419,0,1.657765,0,0,0,0,0,0,0,0,0,0,0,0,0,1.659075,2.474871,0;
seed 0;s:1721136880;h:0,0,0,0;t:forest;n:2;l:5110;u:0,0,0,0,2.319968,0,0,1.375736,0,0,3.318264,0,0,0,0,0,0,0,0,0,0,1.659075,2.474871,0;u:0,0,0,0,2.319968,0,0,1.375736,0,0,3.318264,0,0,0,0,0,0,0,0,0,0,1.659075,2.474871,0;
seed 0;s:1959684395;h:0,0,0,0;t:forest;n:2;l:5110;u:0,0,0,0,0,3.211595,3.977276,0,0,2.200821,0,0,0,0,0,0,0,0,0,0,0,1.659075,2.474871,0;u:0,0,0,0,0,3.211595,3.977276,0,0,2.200821,0,0,0,0,0,0,0,0,0,0,0,1.659075,2.474871,0;
seed 0;s:1645468376;h:0,0,0,0;t:forest;n:2;l:5110;u:0,0,0,0,0,0,0,0,4.449125,3.782307,0,0,2.352331,0,0,0,0,0,0,0,0,1.659075,2.474871,0;u:0,0,0,0,0,0,0,0,4.449125,3.782307,0,0,2.352331,0,0,0,0,0,0,0,0,1.659075,2.474871,0;
seed 0;s:869566290;h:0,0,0,0;t:forest;n:2;l:5110;u:0,0,0,3.505287,4.33254,0,0,0,0,0,0,0,0,0,0,0,0,0,0,0,0,0,6.269605,0;u:0,0,0,3.505287,4.33254,0,0,0,0,0,0,0,0,0,0,0,0,0,0,0,0,0,6.269605,0;
seed 0;s:754809782;h:0,0,0,0;t:forest;n:2;l:5110;u:0,0,0,0,4.33254,0,0,4.270741,0,4.649928,0,0,0,4.184599,0,0,0,0,0,0,0,1.915959,2.168447,0;u:0,0,0,0,4.33254,0,0,4.270741,0,4.649928,0,0,0,4.184599,0,0,0,0,0,0,0,1.915959,2.168447,0;
seed 0;s:1651567333;h:0,0,0,0;t:forest;n:2;l:5110;u:0,0,0,0,0,0,5.417263,0,0,0,0,0,5.152961,0,0,0,0,0,0,0,0,1.915959,0,0;u:0,0,0,0,0,0,5.417263,0,0,0,0,0,5.152961,0,0,0,0,0,0,0,0,1.915959,0,0;
seed 0;s:264587636;h:0,0,0,0;t:forest;n:2;l:5110;u:0,0,0,2.254785,0,0,0,4.382528,2.900288,0,0.9077766,0,0,0,0,0,0,0,0,0,0,1.915959,2.119348,0;u:0,0,0,2.254785,0,0,0,4.382528,2.900288,0,0.9077766,0,0,0,0,0,0,0,0,0,0,1.915959,2.119348,0;
seed 0;s:559735928;h:0,0,0,0;t:forest;n:2;l:6031;u:0,0,0,0,4.429877,0,2.890184,0,2.355734,4.766886,0,0,0,0,0,0,0,0,0,0,0,1.659075,1.778027,0;u:0,0,0,0,4.429877,0,2.890184,0,2.355734,4.766886,0,0,0,0,0,0,0,0,0,0,0,1.659075,1.778027,0;
seed 0;s:1188629761;h:0,0,0,0;t:forest;n:2;l:5110;u:0,0,0,0,0,5.067136,0,0,0,0,0,0,0,0,0,0,0,0,0,0,0,1.915959,2.119348,0;u:0,0,0,0,0,5.067136,0,0,0,0,0,0,0,0,0,0,0,0,0,0,0,1.915959,2.119348,0;
seed 0;s:2002020814;h:0,0,0,0;t:forest;n:2;l:5110;u:0,0,0,0,0,0,3.267452,0,0,0,3.49922,0,0,3.243829,0,0,0,0,0,0,0,1.915959,2.119348,0;u:0,0,0,0,0,0,3.267452,0,0,0,3.49922,0,0,3.243829,0,0,0,0,0,0,0,1.915959,2.119348,0;
seed 0;s:911679715;h:0,3,0,0;t:forest;n:1;l:10540;u:0,0,0,0,0,0,0,0,0,0,0,0,0,0,0,0,0,0,0,0,0,0,0,0;
seed 0;s:771660057;h:0,3,0,0;t:forest;n:1;l:10540;u:0,0,0,0,0,0,3.927237,2.826164,0,0,0,0,0,0,0,0,0,0,0,0,0,1.591011,1.705107,0;
seed 0;s:1474897286;h:0,3,0,0;t:forest;n:1;l:10540;u:0,0,0,0,2.568083,2.650071,0,0,0,3.349192,0,0,3.183423,0,0,0,0,0,0,0,0,1.591011,1.705107,0;
seed 0;s:1366103705;h:0,3,0,0;t:forest;n:1;l:10540;u:0,0,0,2.615511,0,0,0,0,2.823031,0,3.27694,0,0,2.930598,0,0,0,0,0,0,0,0,0,0;Wall; fadeout;


------------------------------------------------------------------------------------------------------------------------------------------------------------------------------------------------------------------------------
chapter 2
------------------------------------------------------------------------------------------------------------------------------------------------------------------------------------------------------------------------------
movie Cutscene_3

seed 0;s:1786548280;h:0,0,0,0;t:cloud;n:1;l:9002;u:0,0,0,0,0,0,0,0,0,0,0,0,0,0,0,2.507905,0,4.313034,0,0,0,3.913949,3.404449,0;fadein;opendoor:30;opendoorsound;song:Tidy_Up^Peacemaker;
seed 0;s:1370074388;h:0,0,0,0;t:cloud;n:1;l:9002;u:0,0,0,0,0,0,0,0,0,0,0,0,0,0,0,0,0,6.198003,0,0,0,3.913949,6.284642,0;
seed 0;s:355280982;h:0,0,0,0;t:cloud;n:2;l:6301;u:0,0,0,0.4616981,0,0,0,0,0,0.4178322,0,0,0,0,0,3.668947,0,4.487057,0,0,0,2.817192,2.926808,0;u:0,0,0,0.4616981,0,0,0,0,0,0.4178322,0,0,0,0,0,3.668947,0,4.487057,0,0,0,2.817192,2.926808,0;
seed 0;s:842192565;h:0,0,0,0;t:cloud;n:2;l:6301;u:0,0,0,0,0,1.463915,1.60909,0,0,0,0,0,0,0.8713107,0,0.6810073,0,4.487057,0,0,0,2.817192,2.926808,0;u:0,0,0,0,0,1.463915,1.60909,0,0,0,0,0,0,0.8713107,0,0.6810073,0,4.487057,0,0,0,2.817192,2.926808,0;
seed 0;s:1408078575;h:0,0,0,0;t:cloud;n:2;l:6301;u:0,0,0,0,0,2.494456,0,0,0.9300847,0,0,0,1.745635,0,0,2.222088,0,0,0,0,0,2.817192,2.926808,0;u:0,0,0,0,0,2.494456,0,0,0.9300847,0,0,0,1.745635,0,0,2.222088,0,0,0,0,0,2.817192,2.926808,0;
seed 0;s:145597388;h:0,0,0,0;t:cloud;n:2;l:6301;u:0,0,0,0,2.346849,2.494456,2.083989,2.030382,0,0,0,0,1.745635,0,0,0,0,0,0,0,0,2.817192,2.926808,0;u:0,0,0,0,2.346849,2.494456,2.083989,2.030382,0,0,0,0,1.745635,0,0,0,0,0,0,0,0,2.817192,2.926808,0;
seed 0;s:301283533;h:0,0,0,0;t:cloud;n:2;l:6301;u:0,0,0,0,1.709156,0,1.157705,0,0,0,0,0,1.594474,1.884969,1.469834,0,0,0,0,0,0,2.817192,2.926808,0;u:0,0,0,0,1.709156,0,1.157705,0,0,0,0,0,1.594474,1.884969,1.469834,0,0,0,0,0,0,2.817192,2.926808,0;
seed 0;s:518063182;h:0,0,0,0;t:cloud;n:2;l:6301;u:0,0,0,0,0,0,1.157705,1.535333,0,0,0,0,1.594474,1.884969,0,0,0,2.401185,0,0,0,2.817192,2.926808,0;u:0,0,0,0,0,0,1.157705,1.535333,0,0,0,0,1.594474,1.884969,0,0,0,2.401185,0,0,0,2.817192,2.926808,0;
seed 0;s:1829467256;h:0,0,0,0;t:cloud;n:2;l:6301;u:0,0,0,0,0,1.215766,0,0,0,1.466058,0,0,1.594474,1.884969,0,1.930455,0,0,0,0,0,2.817192,2.926808,0;u:0,0,0,0,0,1.215766,0,0,0,1.466058,0,0,1.594474,1.884969,0,1.930455,0,0,0,0,0,2.817192,2.926808,0;
seed 0;s:979772265;h:0,0,0,0;t:cloud;n:2;l:6301;u:0,0,0,1.632864,1.265305,3.312189,0,1.390675,0,0,1.390675,0,0,0,0,0,0,0,0,0,0,2.817192,2.926808,0;u:0,0,0,1.632864,1.265305,3.312189,0,1.390675,0,0,1.390675,0,0,0,0,0,0,0,0,0,0,2.817192,2.926808,0;
seed 0;s:1330847030;h:0,0,0,0;t:cloud;n:2;l:6301;u:0,0,0,1.632864,0,0,1.47572,1.390675,0,0,0,0,0,0,0,1.99383,0,1.873844,0,0,0,2.817192,2.926808,0;u:0,0,0,1.632864,0,0,1.47572,1.390675,0,0,0,0,0,0,0,1.99383,0,1.873844,0,0,0,2.817192,2.926808,0;
seed 0;s:1910122221;h:0,0,0,0;t:cloud;n:2;l:6301;u:0,0,0,0,0,0,1.47572,1.390675,0,0,1.506685,0,0,1.44536,1.663116,0,0,0,0,0,0,2.817192,2.926808,0;u:0,0,0,0,0,0,1.47572,1.390675,0,0,1.506685,0,0,1.44536,1.663116,0,0,0,0,0,0,2.817192,2.926808,0;
seed 0;s:889190497;h:0,0,0,0;t:cloud;n:2;l:6301;u:0,0,0,0,0,5.673453,0,5.603999,0,0,0,0,1.413285,0,0,0,0,5.58492,0,0,0,2.817192,2.926808,0;u:0,0,0,0,0,5.673453,0,5.603999,0,0,0,0,1.413285,0,0,0,0,5.58492,0,0,0,2.817192,2.926808,0;
seed 0;s:216250127;h:0,0,0,0;t:cloud;n:2;l:6301;u:0,0,0,4.29935,3.608859,0,0,0,0,2.836914,0,0,0,0,2.610052,0,0,0,0,0,0,2.817192,2.926808,0;u:0,0,0,4.29935,3.608859,0,0,0,0,2.836914,0,0,0,0,2.610052,0,0,0,0,0,0,2.817192,2.926808,0;
seed 0;s:915785082;h:0,0,0,0;t:cloud;n:2;l:6301;u:0,0,0,5.870077,0,2.555154,2.192642,0,0,0,0,0,0,0,0,0,0,7.573124,0,0,0,2.817192,2.926808,0;u:0,0,0,5.870077,0,2.555154,2.192642,0,0,0,0,0,0,0,0,0,0,7.573124,0,0,0,2.817192,2.926808,0;
seed 0;s:1561838659;h:0,0,0,0;t:cloud;n:2;l:6301;u:0,0,0,0.862213,0,0,0.6191465,0,0,2.644737,0,0,4.107214,0,0,1.031492,0,0,0,0,0,2.817192,2.926808,0;u:0,0,0,0.862213,0,0,0.6191465,0,0,2.644737,0,0,4.107214,0,0,1.031492,0,0,0,0,0,2.817192,2.926808,0;
seed 0;s:531739905;h:0,0,0,0;t:cloud;n:2;l:6822;u:0,0,0,0,2.014148,2.417746,0,0,0,0,2.410703,0,2.295415,0,0,0,0,0,0,0,0,1.933875,2.042369,0;u:0,0,0,0,2.014148,2.417746,0,0,0,0,2.410703,0,2.295415,0,0,0,0,0,0,0,0,1.933875,2.042369,0;
seed 0;s:1735278025;h:0,0,0,0;t:cloud;n:2;l:6822;u:0,0,0,0,0,2.417746,2.370925,0,0,0,2.410703,0,0,0,0,0,0,2.278394,0,0,0,1.933875,2.042369,0;u:0,0,0,0,0,2.417746,2.370925,0,0,0,2.410703,0,0,0,0,0,0,2.278394,0,0,0,1.933875,2.042369,0;
seed 0;s:1770253056;h:0,0,0,0;t:cloud;n:2;l:6822;u:0,0,0,0,0,2.692437,0,0,0,2.410344,0,0,0,0,2.146693,0,0,0,0,0,0,1.933875,2.042369,0;u:0,0,0,0,0,2.692437,0,0,0,2.410344,0,0,0,0,2.146693,0,0,0,0,0,0,1.933875,2.042369,0;
seed 0;s:718255679;h:0,0,0,0;t:cloud;n:2;l:6822;u:0,0,0,0,0,0,2.738806,2.476363,0,2.417746,2.516875,0,2.486238,0,0,0,0,0,0,0,0,1.933875,2.042369,0;u:0,0,0,0,0,0,2.738806,2.476363,0,2.417746,2.516875,0,2.486238,0,0,0,0,0,0,0,0,1.933875,2.042369,0;
seed 0;s:1250017873;h:0,0,0,0;t:cloud;n:2;l:6822;u:0,0,0,2.25414,2.290162,2.470066,0,0,2.146693,0,0,0,0,0,0,2.146693,0,0,0,0,0,1.933875,2.042369,0;u:0,0,0,2.25414,2.290162,2.470066,0,0,2.146693,0,0,0,0,0,0,2.146693,0,0,0,0,0,1.933875,2.042369,0;
seed 0;s:1243817346;h:0,0,0,0;t:cloud;n:2;l:6822;u:0,0,0,0,0,0,2.278411,0,0,0,2.074275,0,0,2.666457,2.048605,2.146693,0,0,0,0,0,1.933875,2.042369,0;u:0,0,0,0,0,0,2.278411,0,0,0,2.074275,0,0,2.666457,2.048605,2.146693,0,0,0,0,0,1.933875,2.042369,0;
seed 0;s:497445570;h:3,0,0,0;t:cloud;n:1;l:15000;u:0,0,0,0,0,0,0,3.903459,0,0,0,0,0,0,0,0,0,0,0,0,0,1.933875,1.980735,0;
seed 0;s:493030335;h:3,0,0,0;t:cloud;n:2;l:9421;u:0,0,0,0,0,2.448423,2.417746,0,0,0,0,0,0,0,3.264358,0,0,3.284131,0,0,0,1.97113,2.224274,0;u:0,0,0,0,0,2.448423,2.417746,0,0,0,0,0,0,0,3.264358,0,0,3.284131,0,0,0,1.97113,2.224274,0;
seed 0;s:631290674;h:3,0,0,0;t:cloud;n:2;l:9421;u:0,0,0,2.423231,0,0,0,0,0,0,2.57048,0,0,2.417746,0,1.632864,0,0,0,0,0,1.97113,2.224274,0;u:0,0,0,2.423231,0,0,0,0,0,0,2.57048,0,0,2.417746,0,1.632864,0,0,0,0,0,1.97113,2.224274,0;
seed 0;s:1404249707;h:3,0,0,0;t:cloud;n:2;l:6932;u:0,0,0,3.133985,0,2.810231,0,0,2.797771,0,0,0,3.035568,0,0,0,0,0,0,0,0,2.69785,2.750735,0;u:0,0,0,3.133985,0,2.810231,0,0,2.797771,0,0,0,3.035568,0,0,0,0,0,0,0,0,2.69785,2.750735,0;
seed 0;s:1907695754;h:3,0,0,0;t:cloud;n:1;l:15000;u:0,0,0,0,9,0,0,0,0,4.547269,4.423347,0,0,0,0,0,0,0,0,0,0,2.69785,2.750735,0;wall;
seed 0;s:810924503;h:0,0,0,0;t:cloud;n:2;l:6734;u:0,0,0,0,3.191355,0,3.06643,3.294456,0,0,0,0,3.107717,0,0,0,0,0,0,0,0,2.69785,2.750735,0;u:0,0,0,0,3.191355,0,3.06643,3.294456,0,0,0,0,3.107717,0,0,0,0,0,0,0,0,2.69785,2.750735,0;
seed 0;s:1393949963;h:0,0,0,0;t:cloud;n:2;l:6734;u:0,0,0,2.743229,2.911952,0,3.06643,0,0,0,2.766404,0,0,0,0,2.757365,0,0,0,0,0,2.69785,2.750735,0;u:0,0,0,2.743229,2.911952,0,3.06643,0,0,0,2.766404,0,0,0,0,2.757365,0,0,0,0,0,2.69785,2.750735,0;
seed 0;s:1904590598;h:0,0,0,0;t:cloud;n:2;l:6734;u:0,0,0,0,2.911952,2.691705,0,0,0,0,2.826729,0,0,0,2.69785,0,0,2.581383,0,0,0,2.69785,2.750735,0;u:0,0,0,0,2.911952,2.691705,0,0,0,0,2.826729,0,0,0,2.69785,0,0,2.581383,0,0,0,2.69785,2.750735,0;
seed 0;s:755483952;h:0,0,0,0;t:cloud;n:2;l:6734;u:0,0,0,0,0,0,0,0,0,2.557223,0,0,2.774851,0,2.69785,2.397506,0,0,0,0,0,2.69785,2.750735,0;u:0,0,0,0,0,0,0,0,0,2.557223,0,0,2.774851,0,2.69785,2.397506,0,0,0,0,0,2.69785,2.750735,0;
seed 0;s:1002838203;h:0,0,0,0;t:cloud;n:2;l:6734;u:0,0,0,2.904887,0,0,2.954648,0,0,3.086637,2.96063,0,2.74471,0,0,0,0,0,0,0,0,2.69785,2.750735,0;u:0,0,0,2.904887,0,0,2.954648,0,0,3.086637,2.96063,0,2.74471,0,0,0,0,0,0,0,0,2.69785,2.750735,0;
seed 0;s:1770651805;h:0,0,0,0;t:cloud;n:2;l:6734;u:0,0,0,0,2.680835,0,0,0,0,0,0,0,0,2.78395,2.801602,0,0,2.986733,0,0,0,2.22901,5.44356,0;u:0,0,0,0,2.680835,0,0,0,0,0,0,0,0,2.78395,2.801602,0,0,2.986733,0,0,0,2.22901,5.44356,0;
seed 0;s:917850382;h:0,0,0,0;t:cloud;n:2;l:6734;u:0,0,0,0,0,0,1.616059,0,0,0,0,0,0,0,0,0,0,9,0,0,0,2.342472,2.27894,0;u:0,0,0,0,0,0,1.616059,0,0,0,0,0,0,0,0,0,0,9,0,0,0,2.342472,2.27894,0;
seed 0;s:1697406872;h:0,0,0,0;t:cloud;n:2;l:6734;u:0,0,0,0,0,4.693748,0,0,0,3.432011,0,0,0,4.638575,0,4.366268,0,0,0,0,0,2.342472,2.27894,0;u:0,0,0,0,0,4.693748,0,0,0,3.432011,0,0,0,4.638575,0,4.366268,0,0,0,0,0,2.342472,2.27894,0;
seed 0;s:72177376;h:0,0,0,0;t:cloud;n:2;l:6734;u:0,0,0,0,0,9,0,0,0,0,0,0,0,0,0,0,0,0,0,0,0,2.342472,2.27894,0;u:0,0,0,0,0,9,0,0,0,0,0,0,0,0,0,0,0,0,0,0,0,2.342472,2.27894,0;
seed 0;s:530066421;h:0,0,0,0;t:cloud;n:2;l:6734;u:0,0,0,0,0,0,5.25354,0,0,0,0,0,0,0,0,0,0,0,0,0,0,2.342472,2.27894,0;u:0,0,0,0,0,0,5.25354,0,0,0,0,0,0,0,0,0,0,0,0,0,0,2.342472,2.27894,0;
seed 0;s:1783811010;h:0,0,0,0;t:cloud;n:2;l:6734;u:0,0,0,0,0,0,0,0,0,5.87887,0,0,0,0,0,0,0,0,0,0,0,2.342472,2.27894,0;u:0,0,0,0,0,0,0,0,0,5.87887,0,0,0,0,0,0,0,0,0,0,0,2.342472,2.27894,0;
seed 0;s:635118549;h:0,0,0,0;t:cloud;n:2;l:6734;u:0,0,0,0,0,0,0,0,0,0,5.395311,0,0,0,0,0,0,0,0,0,0,2.342472,2.27894,0;u:0,0,0,0,0,0,0,0,0,0,5.395311,0,0,0,0,0,0,0,0,0,0,2.342472,2.27894,0;
seed 0;s:1399365790;h:0,0,0,0;t:cloud;n:2;l:6734;u:0,0,0,0,0,0,0,0,0,0,0,0,6.293054,0,0,0,0,0,0,0,0,2.342472,2.27894,0;u:0,0,0,0,0,0,0,0,0,0,0,0,6.293054,0,0,0,0,0,0,0,0,2.342472,2.27894,0;
seed 0;s:1736927419;h:0,0,0,0;t:cloud;n:2;l:6734;u:0,0,0,7.614581,0,0,0,0,0,0,0,0,0,0,0,0,0,0,0,0,0,2.342472,2.27894,0;u:0,0,0,7.614581,0,0,0,0,0,0,0,0,0,0,0,0,0,0,0,0,0,2.342472,2.27894,0;
seed 0;s:404264559;h:0,0,0,0;t:cloud;n:2;l:6734;u:0,0,0,0,0,0,4.275744,4.518208,0,0,0,0,0,0,0,0,0,0,0,0,0,2.342472,2.27894,0;u:0,0,0,0,0,0,4.275744,4.518208,0,0,0,0,0,0,0,0,0,0,0,0,0,2.342472,2.27894,0;
seed 0;s:1459355419;h:0,0,0,0;t:cloud;n:2;l:6734;u:0,0,0,0,0,0,0,0,0,0,4.388163,0,0,4.406641,0,0,0,0,0,0,0,2.342472,2.27894,0;u:0,0,0,0,0,0,0,0,0,0,4.388163,0,0,4.406641,0,0,0,0,0,0,0,2.342472,2.27894,0;
seed 0;s:738660500;h:0,0,0,0;t:cloud;n:2;l:6734;u:0,0,0,0,4.393612,0,0,0,0,0,0,0,4.354657,0,0,0,0,0,0,0,0,2.342472,2.27894,0;u:0,0,0,0,4.393612,0,0,0,0,0,0,0,4.354657,0,0,0,0,0,0,0,0,2.342472,2.27894,0;
seed 0;s:2076897959;h:0,0,0,0;t:cloud;n:2;l:6734;u:0,0,0,4.627704,0,0,0,0,4.363063,0,0,0,0,0,0,0,0,0,0,0,0,2.342472,2.27894,0;u:0,0,0,4.627704,0,0,0,0,4.363063,0,0,0,0,0,0,0,0,0,0,0,0,2.342472,2.27894,0;
seed 0;s:1885508311;h:0,0,0,0;t:cloud;n:2;l:6734;u:0,0,0,0,0,4.421218,0,0,0,0,0,0,0,0,0,4.388537,0,0,0,0,0,2.342472,2.27894,0;u:0,0,0,0,0,4.421218,0,0,0,0,0,0,0,0,0,4.388537,0,0,0,0,0,2.342472,2.27894,0;
seed 0;s:118516109;h:0,0,0,0;t:cloud;n:2;l:6734;u:0,0,0,0,0,0,0,0,0,0,0,0,4.224901,0,4.553881,0,0,0,0,0,0,2.342472,2.27894,0;u:0,0,0,0,0,0,0,0,0,0,0,0,4.224901,0,4.553881,0,0,0,0,0,0,2.342472,2.27894,0;
seed 0;s:454122377;h:0,0,0,0;t:cloud;n:2;l:6734;u:0,0,0,0,0,0,0,0,0,0,0,0,0,0,0,0,0,4.33937,0,0,0,9,9,0;u:0,0,0,0,0,0,0,0,0,0,0,0,0,0,0,0,0,4.33937,0,0,0,9,9,0;
seed 0;s:1843252195;h:0,0,0,0;t:cloud;n:2;l:6734;u:0,0,0,0,1.841622,0,0,0,2.099332,1.887817,1.698809,0,1.998077,0,0,0,0,0,0,0,0,2.54619,2.709327,0;u:0,0,0,0,1.841622,0,0,0,2.099332,1.887817,1.698809,0,1.998077,0,0,0,0,0,0,0,0,2.54619,2.709327,0;
seed 0;s:1511847841;h:0,0,0,0;t:cloud;n:2;l:6734;u:0,0,0,2.003613,0,2.232336,0,2.519817,0,0,0,0,1.998077,0,0,2.017588,0,0,0,0,0,2.54619,2.709327,0;u:0,0,0,2.003613,0,2.232336,0,2.519817,0,0,0,0,1.998077,0,0,2.017588,0,0,0,0,0,2.54619,2.709327,0;
seed 0;s:2082637243;h:0,0,0,0;t:cloud;n:2;l:6734;u:0,0,0,0,0,0,2.69785,0,0,0,2.846471,0,0,2.635263,2.279517,0,0,0,0,0,0,2.54619,2.709327,0;u:0,0,0,0,0,0,2.69785,0,0,0,2.846471,0,0,2.635263,2.279517,0,0,0,0,0,0,2.54619,2.709327,0;
seed 0;s:2113603714;h:0,0,0,0;t:cloud;n:2;l:6734;u:0,0,0,0,0,2.519782,0,2.652256,0,0,2.606494,0,0,0,0,0,0,0,0,0,0,2.54619,2.709327,0;u:0,0,0,0,0,2.519782,0,2.652256,0,0,2.606494,0,0,0,0,0,0,0,0,0,0,2.54619,2.709327,0;
seed 0;s:1791097258;h:0,0,0,0;t:cloud;n:2;l:6734;u:0,0,0,0,2.801136,2.869717,0,0,0,2.607933,0,0,0,0,2.72696,0,0,0,0,0,0,2.54619,2.709327,0;u:0,0,0,0,2.801136,2.869717,0,0,0,2.607933,0,0,0,0,2.72696,0,0,0,0,0,0,2.54619,2.709327,0;
seed 0;s:467843911;h:0,0,0,0;t:cloud;n:2;l:6734;u:0,0,0,2.548607,0,0,0,0,0,2.607933,0,0,0,0,0,0,0,2.531165,0,0,0,2.54619,2.709327,0;u:0,0,0,2.548607,0,0,0,0,0,2.607933,0,0,0,0,0,0,0,2.531165,0,0,0,2.54619,2.709327,0;
seed 0;s:1614115794;h:0,0,0,0;t:cloud;n:2;l:6734;u:0,0,0,2.780435,0,0,0,0,0,0,2.76524,0,0,2.718549,0,0,0,2.559231,0,0,0,2.54619,2.709327,0;u:0,0,0,2.780435,0,0,0,0,0,0,2.76524,0,0,2.718549,0,0,0,2.559231,0,0,0,2.54619,2.709327,0;
seed 0;s:274039918;h:0,0,0,0;t:cloud;n:2;l:6734;u:0,0,0,0,6.341063,3.380943,0,0,0,0,0,0,0,1.835452,2.516985,0,0,0,0,0,0,2.665758,6.199241,0;u:0,0,0,0,6.341063,3.380943,0,0,0,0,0,0,0,1.835452,2.516985,0,0,0,0,0,0,2.665758,6.199241,0;
seed 0;s:1523445645;h:0,0,0,0;t:cloud;n:2;l:6734;u:0,0,0,0,0,0,0,0,0,0,0,0,0,0,0,0,0,0,0,0,0,0,9,0;u:0,0,0,0,0,0,0,0,0,0,0,0,0,0,0,0,0,0,0,0,0,0,9,0;
seed 0;s:1776082847;h:0,0,0,0;t:cloud;n:2;l:6734;u:0,0,0,0,0,0,0,2.606337,2.553684,3.077763,0,0,0,0,0,0,0,0,0,0,0,2.590364,2.53452,0;u:0,0,0,0,0,0,0,2.606337,2.553684,3.077763,0,0,0,0,0,0,0,0,0,0,0,2.590364,2.53452,0;
seed 0;s:1271458205;h:0,0,0,0;t:cloud;n:2;l:6734;u:0,0,0,0,0,0,2.570251,0,0,0,0,0,2.861487,3.130492,0,2.701165,0,0,0,0,0,3.016963,2.801344,0;u:0,0,0,0,0,0,2.570251,0,0,0,0,0,2.861487,3.130492,0,2.701165,0,0,0,0,0,3.016963,2.801344,0;
seed 0;s:373150484;h:0,0,1,0;t:cave;n:1;l:15000;u:0,0,0,4.099529,0,0,0,0,0,4.372451,0,0,0,0,0,2.390954,0,6.068376,0,0,0,3.460881,9,0;
seed 0;s:715336633;h:0,0,1,0;t:cave;n:1;l:15000;u:0,0,0,0,0,0,9,0,0,0,0,0,0,0,0,0,0,0,0,0,0,3.460881,9,0;
seed 0;s:437576028;h:0,0,1,0;t:cave;n:1;l:15000;u:0,0,0,0,0,0,9,9,0,0,0,0,0,0,0,0,0,0,0,0,0,3.460881,9,0;
seed 0;s:290418393;h:0,0,1,0;t:cave;n:1;l:15000;u:0,0,0,0,0,0,0,9,0,0,0,0,0,0,0,4.962732,0,0,0,0,0,5.765753,9,0;
seed 0;s:16807817;h:0,0,1,0;t:cave;n:1;l:15000;u:0,0,0,0,0,0,0,0,0,6.180529,0,0,0,0,0,0,0,0,0,0,0,0,4.353457,0;wall;
seed 0;s:1106786669;h:0,0,0,0;t:cloud;n:2;l:6281;u:0,0,0,2.850836,2.469567,2.986733,0,2.684431,0,0,0,0,0,0,0,0,0,0,0,0,0,2.454099,2.478859,0;u:0,0,0,2.850836,2.469567,2.986733,0,2.684431,0,0,0,0,0,0,0,0,0,0,0,0,0,2.454099,2.478859,0;
seed 0;s:14987691;h:0,0,0,0;t:cloud;n:2;l:6281;u:0,0,0,0,0,2.986733,0,0,2.330948,2.716758,0,0,0,0,0,0,0,0,0,0,0,2.454099,2.478859,0;u:0,0,0,0,0,2.986733,0,0,2.330948,2.716758,0,0,0,0,0,0,0,0,0,0,0,2.454099,2.478859,0;
seed 0;s:808093923;h:0,0,0,0;t:cloud;n:2;l:6281;u:0,0,0,0,2.986733,0,0,0,0,0,2.826747,0,2.645286,0,0,0,0,0,0,0,0,2.454099,2.478859,0;u:0,0,0,0,2.986733,0,0,0,0,0,2.826747,0,2.645286,0,0,0,0,0,0,0,0,2.454099,2.478859,0;
seed 0;s:1986960503;h:0,0,0,0;t:cloud;n:2;l:6281;u:0,0,0,4.556816,0,0,0,2.706453,0,2.794817,2.748146,0,0,0,0,0,0,0,0,0,0,2.454099,2.478859,0;u:0,0,0,4.556816,0,0,0,2.706453,0,2.794817,2.748146,0,0,0,0,0,0,0,0,0,0,2.454099,2.478859,0;
seed 0;s:1026023350;h:0,0,0,0;t:cloud;n:2;l:6281;u:0,0,0,0,2.947062,0,2.694978,0,0,2.794817,0,0,0,0,0,0,0,2.986733,0,0,0,2.454099,2.478859,0;u:0,0,0,0,2.947062,0,2.694978,0,0,2.794817,0,0,0,0,0,0,0,2.986733,0,0,0,2.454099,2.478859,0;
seed 0;s:106363967;h:0,0,0,0;t:cloud;n:2;l:6281;u:0,0,0,2.931713,0,2.69785,0,0,0,0,0,0,0,0,2.985144,0,0,0,0,0,0,2.454099,2.478859,0;u:0,0,0,2.931713,0,2.69785,0,0,0,0,0,0,0,0,2.985144,0,0,0,0,0,0,2.454099,2.478859,0;
seed 0;s:182705115;h:0,0,0,0;t:cloud;n:2;l:6281;u:0,0,0,0,0,2.571832,0,2.780279,0,0,2.707939,0,2.650627,0,2.985144,0,0,0,0,0,0,2.454099,2.478859,0;u:0,0,0,0,0,2.571832,0,2.780279,0,0,2.707939,0,2.650627,0,2.985144,0,0,0,0,0,0,2.454099,2.478859,0;
seed 0;s:816791199;h:0,0,0,0;t:cloud;n:2;l:6281;u:0,0,0,2.541193,0,0,0,0,0,0,0,0,2.650627,2.599137,0,0,0,0,0,0,0,2.454099,2.478859,0;u:0,0,0,2.541193,0,0,0,0,0,0,0,0,2.650627,2.599137,0,0,0,0,0,0,0,2.454099,2.478859,0;
seed 0;s:868282414;h:0,0,0,0;t:cloud;n:2;l:6281;u:0,0,0,0,0,0,2.602842,0,0,0,2.530204,0,0,2.599137,2.599225,0,0,0,0,0,0,2.454099,2.478859,0;u:0,0,0,0,0,0,2.602842,0,0,0,2.530204,0,0,2.599137,2.599225,0,0,0,0,0,0,2.454099,2.478859,0;
seed 0;s:1150624715;h:0,0,0,0;t:cloud;n:2;l:6281;u:0,0,0,0,0,0,0,0,0,0,2.820003,0,2.827154,2.882163,0,0,0,0,0,0,0,2.454099,2.478859,0;u:0,0,0,0,0,0,0,0,0,0,2.820003,0,2.827154,2.882163,0,0,0,0,0,0,0,2.454099,2.478859,0;
seed 0;s:1897620378;h:0,0,0,0;t:cloud;n:2;l:6281;u:0,0,0,2.808616,0,0,0,0,0,0,2.807806,0,0,0,2.779767,2.877511,0,0,0,0,0,2.454099,2.478859,0;u:0,0,0,2.808616,0,0,0,0,0,0,2.807806,0,0,0,2.779767,2.877511,0,0,0,0,0,2.454099,2.478859,0;
seed 0;s:1781786533;h:0,0,0,0;t:cloud;n:2;l:6281;u:0,0,0,0,0,2.698488,2.661326,0,0,2.706222,0,0,2.718079,0,0,0,0,0,0,0,0,2.454099,2.478859,0;u:0,0,0,0,0,2.698488,2.661326,0,0,2.706222,0,0,2.718079,0,0,0,0,0,0,0,0,2.454099,2.478859,0;
seed 0;s:170648990;h:0,0,0,0;t:cloud;n:2;l:6281;u:0,0,0,4.737052,0,0,0,6.20676,0,0,0,0,0,0,2.627501,0,0,0,0,0,0,2.454099,2.478859,0;u:0,0,0,4.737052,0,0,0,6.20676,0,0,0,0,0,0,2.627501,0,0,0,0,0,0,2.454099,2.478859,0;
seed 0;s:323470076;h:0,0,0,0;t:cloud;n:2;l:6281;u:0,0,0,0,0,2.774942,2.706671,0,2.870296,0,0,0,2.497047,0,0,0,0,0,0,0,0,2.454099,2.478859,0;u:0,0,0,0,0,2.774942,2.706671,0,2.870296,0,0,0,2.497047,0,0,0,0,0,0,0,0,2.454099,2.478859,0;
seed 0;s:1425294805;h:0,0,0,0;t:cloud;n:2;l:6281;u:0,0,0,0,0,3.113903,0,2.65286,0,4.810182,0,0,0,0,2.578599,0,0,0,0,0,0,2.454099,2.615996,0;u:0,0,0,0,0,3.113903,0,2.65286,0,4.810182,0,0,0,0,2.578599,0,0,0,0,0,0,2.454099,2.615996,0;
seed 0;s:2032661361;h:0,0,0,0;t:cloud;n:2;l:6281;u:0,0,0,0,0,0,2.6693,2.696291,0,0,2.992011,0,2.809517,0,0,0,0,0,0,0,0,2.454099,2.615996,0;u:0,0,0,0,0,0,2.6693,2.696291,0,0,2.992011,0,2.809517,0,0,0,0,0,0,0,0,2.454099,2.615996,0;
seed 0;s:1657090674;h:0,0,0,0;t:cloud;n:2;l:6281;u:0,0,0,2.806672,0,0,0,0,0,0,3.934037,0,0,2.682408,0,0,0,0,0,0,0,2.454099,2.615996,0;u:0,0,0,2.806672,0,0,0,0,0,0,3.934037,0,0,2.682408,0,0,0,0,0,0,0,2.454099,2.615996,0;
seed 0;s:955520994;h:0,0,0,0;t:cloud;n:2;l:6281;u:0,0,0,2.593006,0,0,0,2.749546,0,2.652134,0,0,2.558641,0,0,0,0,0,0,0,0,2.454099,2.615996,0;u:0,0,0,2.593006,0,0,0,2.749546,0,2.652134,0,0,2.558641,0,0,0,0,0,0,0,0,2.454099,2.615996,0;
seed 0;s:1854391610;h:0,0,0,0;t:cloud;n:2;l:6281;u:0,0,0,0,0,0,2.827708,2.749546,0,2.652134,2.672453,0,0,0,0,0,0,0,0,0,0,2.454099,2.615996,0;u:0,0,0,0,0,0,2.827708,2.749546,0,2.652134,2.672453,0,0,0,0,0,0,0,0,0,0,2.454099,2.615996,0;
seed 0;s:59881981;h:0,0,0,0;t:cloud;n:2;l:6281;u:0,0,0,0,3.166654,2.858827,0,0,0,2.750376,0,0,0,3.113614,0,0,0,0,0,0,0,2.454099,2.615996,0;u:0,0,0,0,3.166654,2.858827,0,0,0,2.750376,0,0,0,3.113614,0,0,0,0,0,0,0,2.454099,2.615996,0;
seed 0;s:1875810810;h:0,0,0,0;t:cloud;n:2;l:6281;u:0,0,0,0,0,3.716883,0,0,7.069206,0,0,0,6.024593,0,0,0,0,0,0,0,0,2.454099,2.615996,0;u:0,0,0,0,0,3.716883,0,0,7.069206,0,0,0,6.024593,0,0,0,0,0,0,0,0,2.454099,2.615996,0;
seed 0;s:2073828778;h:0,0,0,0;t:cloud;n:2;l:6281;u:0,0,0,0,0,0,0,0,0,0,6.154313,0,0,0,0,0,0,3.376194,0,0,0,2.454099,2.615996,0;u:0,0,0,0,0,0,0,0,0,0,6.154313,0,0,0,0,0,0,3.376194,0,0,0,2.454099,2.615996,0;
seed 0;s:2144381758;h:0,0,0,0;t:cloud;n:2;l:6281;u:0,0,0,0,0,3.855723,0,0,0,3.571093,0,0,0,0,0,4.117148,0,0,0,0,0,2.454099,2.615996,0;u:0,0,0,0,0,3.855723,0,0,0,3.571093,0,0,0,0,0,4.117148,0,0,0,0,0,2.454099,2.615996,0;
seed 0;s:1505008082;h:0,0,0,0;t:cloud;n:2;l:6281;u:0,0,0,0,0,4.341167,0,0,0,0,3.393819,0,0,0,4.409015,0,0,0,0,0,0,2.454099,2.615996,0;u:0,0,0,0,0,4.341167,0,0,0,0,3.393819,0,0,0,4.409015,0,0,0,0,0,0,2.454099,2.615996,0;
seed 0;s:907560344;h:0,0,0,0;t:cloud;n:2;l:6281;u:0,0,0,0,7.564175,4.179188,0,0,0,3.85682,0,0,0,0,0,0,0,0,0,0,0,2.454099,2.615996,0;u:0,0,0,0,7.564175,4.179188,0,0,0,3.85682,0,0,0,0,0,0,0,0,0,0,0,2.454099,2.615996,0;
seed 0;s:651550741;h:0,0,0,0;t:cloud;n:2;l:6281;u:0,0,0,0,0,0,3.589789,6.701416,0,0,4.698969,0,0,0,0,0,0,0,0,0,0,2.454099,2.615996,0;u:0,0,0,0,0,0,3.589789,6.701416,0,0,4.698969,0,0,0,0,0,0,0,0,0,0,2.454099,2.615996,0;
seed 0;s:1088078979;h:0,0,0,0;t:cloud;n:2;l:6281;u:0,0,0,0,0,6.170842,0,0,0,0,0,0,0,0,0,0,0,0,0,0,0,2.454099,7.829457,0;u:0,0,0,0,0,6.170842,0,0,0,0,0,0,0,0,0,0,0,0,0,0,0,2.454099,7.829457,0;
seed 0;s:1132004940;h:0,0,0,0;t:cloud;n:2;l:6281;u:0,0,0,0.5031818,0.4328493,0.2915407,0.4045944,0.1636364,0.4055567,0.4997604,0.266124,0,0.5273591,0.435266,0.7267201,0.3395454,0,0.6415855,0,0,0,2.454099,2.509057,0;u:0,0,0,0.5031818,0.4328493,0.2915407,0.4045944,0.1636364,0.4055567,0.4997604,0.266124,0,0.5273591,0.435266,0.7267201,0.3395454,0,0.6415855,0,0,0,2.454099,2.509057,0;
seed 0;s:1784936112;h:0,0,0,0;t:cloud;n:2;l:6281;u:0,0,0,0.8767357,0.8969566,0.9825361,0.9319535,0.3969157,1.132277,1.127371,0.5933967,0,0.9822603,0.7081343,1.417715,0.8420895,0,1.354136,0,0,0,2.454099,2.509057,0;u:0,0,0,0.8767357,0.8969566,0.9825361,0.9319535,0.3969157,1.132277,1.127371,0.5933967,0,0.9822603,0.7081343,1.417715,0.8420895,0,1.354136,0,0,0,2.454099,2.509057,0;
seed 0;s:1038757227;h:0,0,0,0;t:cloud;n:2;l:6281;u:0,0,0,0.8767357,0.8969566,0.9825361,0.9319535,0.3969157,1.132277,1.127371,0.5933967,0,0.9822603,0.7081343,1.417715,0.8420895,0,1.354136,0,0,0,2.454099,2.509057,0;u:0,0,0,0.8767357,0.8969566,0.9825361,0.9319535,0.3969157,1.132277,1.127371,0.5933967,0,0.9822603,0.7081343,1.417715,0.8420895,0,1.354136,0,0,0,2.454099,2.509057,0;
seed 0;s:351988004;h:0,0,0,0;t:cloud;n:2;l:6281;u:0,0,0,0.8767357,0.8969566,0.9825361,0.9319535,0.3969157,1.132277,1.127371,0.5933967,0,0.9822603,0.7081343,1.417715,0.8420895,0,1.354136,0,0,0,2.454099,2.509057,0;u:0,0,0,0.8767357,0.8969566,0.9825361,0.9319535,0.3969157,1.132277,1.127371,0.5933967,0,0.9822603,0.7081343,1.417715,0.8420895,0,1.354136,0,0,0,2.454099,2.509057,0;
seed 0;s:535459711;h:0,1,0,0;t:cave;n:1;l:15000;u:0,0,0,0,0,0,0,9,0,0,0,0,0,0,0,0,0,0,0,0,0,0,9,0;
seed 0;s:1156546059;h:0,1,0,0;t:cave;n:1;l:15000;u:0,0,0,0,3.181406,4.114603,0,0,0,3.589789,0,0,0,0,0,0,0,0,0,0,0,0,4.446119,0;
seed 0;s:1246249890;h:0,1,0,0;t:cave;n:1;l:15000;u:0,0,0,0,3.181406,0,9,0,0,0,0,0,0,0,0,0,0,0,0,0,0,0,4.446119,0;
seed 0;s:231960930;h:0,1,0,0;t:cave;n:1;l:15000;u:0,0,0,0,0,0,3.589789,0,0,0,5.599922,0,0,0,0,0,0,0,0,0,0,0,4.446119,0;fadeout;



------------------------------------------------------------------------------------------------------------------------------------------------------------------------------------------------------------------------------
chapter 3
------------------------------------------------------------------------------------------------------------------------------------------------------------------------------------------------------------------------------
movie Cutscene_4


seed 0;s:454025981;h:0,0,0,0;t:cave;n:2;l:7428;u:0,0,0,0,0,0,0,0,0,0,0,6.779347,0,0,0,0,0,0,0,0,0,4.350091,4.379742,0;u:0,0,0,0,0,0,0,0,0,0,0,6.779347,0,0,0,0,0,0,0,0,0,4.350091,4.379742,0;fadein;opendoor:30;opendoorsound;song:Ripcurl^Blind_Digital;
seed 0;s:1063001361;h:0,0,0,0;t:cave;n:2;l:7428;u:0,0,0,0,0,0,0,0,0,0,0,6.779347,0,0,0,0,0,0,0,0,0,4.350091,4.379742,0;u:0,0,0,0,0,0,0,0,0,0,0,6.779347,0,0,0,0,0,0,0,0,0,4.350091,4.379742,0;
seed 0;s:522878850;h:0,0,0,0;t:cave;n:2;l:7428;u:0,0,0,0,0,4.374255,0,0,0,0,0,4.366584,0,0,0,0,0,0,0,0,0,4.350091,4.379742,0;u:0,0,0,0,0,4.374255,0,0,0,0,0,4.366584,0,0,0,0,0,0,0,0,0,4.350091,4.379742,0;
seed 0;s:1771923984;h:0,0,0,0;t:cave;n:2;l:7428;u:0,0,0,0,0,4.374255,0,0,0,0,4.134332,4.366584,0,0,0,0,0,0,0,0,0,4.350091,4.379742,0;u:0,0,0,0,0,4.374255,0,0,0,0,4.134332,4.366584,0,0,0,0,0,0,0,0,0,4.350091,4.379742,0;
seed 0;s:1282724720;h:0,0,0,0;t:cave;n:2;l:7428;u:0,0,0,0,4.703771,4.322929,0,0,0,3.854964,0,0,4.111301,0,0,0,0,0,0,0,0,4.350091,4.379742,0;u:0,0,0,0,4.703771,4.322929,0,0,0,3.854964,0,0,4.111301,0,0,0,0,0,0,0,0,4.350091,4.379742,0;
seed 0;s:164646668;h:0,0,0,0;t:cave;n:1;l:10868;u:0,0,0,0,4.388262,0,0,4.480355,0,4.403285,0,0,4.224901,0,0,0,0,4.316965,0,0,0,4.438499,4.454998,0;
seed 0;s:1840308912;h:0,0,0,0;t:cave;n:2;l:7607;u:0,0,0,0,0,0,0,0,0,0,4.394368,4.386706,0,4.529099,4.22674,0,0,0,0,0,0,4.438499,4.454998,0;u:0,0,0,0,0,0,0,0,0,0,4.394368,4.386706,0,4.529099,4.22674,0,0,0,0,0,0,4.438499,4.454998,0;
seed 0;s:1361041608;h:0,0,0,0;t:cave;n:2;l:7607;u:0,0,0,4.63935,4.015736,0,0,0,0,4.2793,0,0,0,0,0,0,0,0,0,0,0,4.438499,4.505713,0;u:0,0,0,4.63935,4.015736,0,0,0,0,4.2793,0,0,0,0,0,0,0,0,0,0,0,4.438499,4.505713,0;
seed 0;s:28100171;h:0,0,0,0;t:cave;n:2;l:7607;u:0,0,0,0,0,0,4.215222,0,0,0,4.329753,0,0,0,4.717517,0,0,0,0,0,0,4.438499,4.505713,4.346793;u:0,0,0,0,0,0,4.215222,0,0,0,4.329753,0,0,0,4.717517,0,0,0,0,0,0,4.438499,4.505713,4.346793;
seed 0;s:1349285036;h:0,0,0,0;t:cave;n:2;l:7607;u:0,0,0,0,0,0,4.480145,0,0,0,0,0,0,0,0,0,0,0,0,0,0,4.438499,4.505713,9;u:0,0,0,0,0,0,4.480145,0,0,0,0,0,0,0,0,0,0,0,0,0,0,4.438499,4.505713,9;
seed 0;s:868243337;h:0,0,0,0;t:cave;n:2;l:7607;u:0,0,0,4.314946,0,0,0,4.099083,0,0,0,0,0,0,0,0,0,0,0,0,0,4.438499,4.505713,9;u:0,0,0,4.314946,0,0,0,4.099083,0,0,0,0,0,0,0,0,0,0,0,0,0,4.438499,4.505713,9;
seed 0;s:245778904;h:0,0,0,0;t:cave;n:2;l:7607;u:0,0,0,0,0,4.018854,0,0,0,0,0,4.388537,0,4.178317,0,0,0,0,0,0,0,4.438499,4.505713,9;u:0,0,0,0,0,4.018854,0,0,0,0,0,4.388537,0,4.178317,0,0,0,0,0,0,0,4.438499,4.505713,9;
seed 0;s:2059570860;h:0,0,0,0;t:cave;n:2;l:7607;u:0,0,0,0,0,0,0,0,4.204355,4.38833,4.553881,0,0,0,0,0,0,0,0,0,0,4.438499,4.505713,9;u:0,0,0,0,0,0,0,0,4.204355,4.38833,4.553881,0,0,0,0,0,0,0,0,0,0,4.438499,4.505713,9;
seed 0;s:236757537;h:0,0,0,0;t:cave;n:2;l:7607;u:0,0,0,4.74271,0,0,0,0,0,0,0,0,4.617127,0,0,0,0,4.316509,0,0,0,4.438499,4.505713,6.582254;u:0,0,0,4.74271,0,0,0,0,0,0,0,0,4.617127,0,0,0,0,4.316509,0,0,0,4.438499,4.505713,6.582254;
seed 0;s:1538985791;h:0,0,0,0;t:cave;n:2;l:7607;u:0,0,0,0.5031818,0,0.5415427,0.8676675,0,0,0.7185354,0.6909955,0,0.6909955,0,0,4.156378,0,0,0,0,0,4.438499,4.505713,6.582254;u:0,0,0,0.5031818,0,0.5415427,0.8676675,0,0,0.7185354,0.6909955,0,0.6909955,0,0,4.156378,0,0,0,0,0,4.438499,4.505713,6.582254;
seed 0;s:932618407;h:0,0,0,0;t:cave;n:2;l:6894;u:0,0,0,0,0,0,0,0,0,0,4.308479,0,0,0,4.539598,0,0,0,0,0,0,4.302399,4.486653,8.098653;u:0,0,0,0,0,0,0,0,0,0,4.308479,0,0,0,4.539598,0,0,0,0,0,0,4.302399,4.486653,8.098653;
seed 0;s:1418023139;h:0,0,0,0;t:cave;n:2;l:6894;u:0,0,0,0,0,0,4.418783,4.399781,0,0,0,0,0,0,0,0,0,0,0,0,0,4.430818,4.550108,9;u:0,0,0,0,0,0,4.418783,4.399781,0,0,0,0,0,0,0,0,0,0,0,0,0,4.430818,4.550108,9;
seed 0;s:2061392918;h:0,0,0,0;t:cave;n:2;l:6894;u:0,0,0,0,0,0,0,4.399781,0,0,4.262613,4.310907,0,0,0,0,0,0,0,0,0,4.430818,4.550108,9;u:0,0,0,0,0,0,0,4.399781,0,0,4.262613,4.310907,0,0,0,0,0,0,0,0,0,4.430818,4.550108,9;
seed 0;s:1059385050;h:0,0,0,0;t:cave;n:2;l:6894;u:0,0,0,0,0,0,0,0,4.211673,0,0,0,4.510585,4.384203,0,0,0,0,0,0,0,4.430818,4.550108,9;u:0,0,0,0,0,0,0,0,4.211673,0,0,0,4.510585,4.384203,0,0,0,0,0,0,0,4.430818,4.550108,9;
seed 0;s:1690189479;h:0,0,0,0;t:cave;n:2;l:6894;u:0,0,0,4.554515,0,0,0,0,0,0,0,0,0,0,0,0,0,4.211661,0,0,0,4.430818,4.550108,9;u:0,0,0,4.554515,0,0,0,0,0,0,0,0,0,0,0,0,0,4.211661,0,0,0,4.430818,4.550108,9;
seed 0;s:1057692245;h:0,0,0,0;t:cave;n:2;l:6894;u:0,0,0,0,0,4.224901,0,0,0,4.45431,0,0,0,0,0,4.227233,0,0,0,0,0,4.430818,4.550108,9;u:0,0,0,0,0,4.224901,0,0,0,4.45431,0,0,0,0,0,4.227233,0,0,0,0,0,4.430818,4.550108,9;
seed 0;s:1832773736;h:0,0,0,0;t:cave;n:2;l:6894;u:0,0,0,0,0,0,0,4.364043,0,0,0,6.83057,5.693754,0,0,0,0,0,0,0,0,4.430818,4.550108,9;u:0,0,0,0,0,0,0,4.364043,0,0,0,6.83057,5.693754,0,0,0,0,0,0,0,0,4.430818,4.550108,9;
seed 0;s:1453197666;h:0,0,0,0;t:cave;n:2;l:6894;u:0,0,0,4.542072,4.329775,4.300445,0,0,4.402216,0,0,0,0,0,0,0,0,0,0,0,0,4.430818,4.550108,9;u:0,0,0,4.542072,4.329775,4.300445,0,0,4.402216,0,0,0,0,0,0,0,0,0,0,0,0,4.430818,4.550108,9;
seed 0;s:1732177635;h:1,0,0,0;t:cave;n:1;l:15000;u:0,0,0,4.021533,4.329775,0,0,0,0,0,0,0,0,0,0,0,0,0,0,0,0,4.430818,4.550108,9;
seed 0;s:771306575;h:1,0,0,0;t:cave;n:1;l:12151;u:0,0,0,0,0,0,0,0,0,0,0,4.286278,0,0,0,0,0,4.543314,0,0,0,2.222442,2.238153,9;
seed 0;s:686720511;h:1,0,0,0;t:cave;n:1;l:12151;u:0,0,0,0,0,0.8427272,0,4.305485,0,0,0,0,0,0,0,0,0,0,0,0,0,2.222442,2.238153,9;
seed 0;s:1486923903;h:1,0,0,0;t:cave;n:1;l:12151;u:0,0,0,0,0,0,4.553881,0,4.325502,0,0,0,0,0,0,0,0,0,0,0,0,2.222442,2.238153,9;
seed 0;s:2022206955;h:1,0,0,0;t:cave;n:1;l:12151;u:0,0,0,0,0,0,0,0,0,4.265786,4.17702,0,0,0,4.241128,4.377972,0,0,0,0,0,2.222442,2.238153,9;wall;
seed 0;s:455760238;h:0,0,0,0;t:cave;n:2;l:7109;u:0,0,0,0,0,4.542034,0,0,0,4.440776,0,0,4.50733,0,4.314126,0,0,0,0,0,0,2.222442,2.238153,9;u:0,0,0,0,0,4.542034,0,0,0,4.440776,0,0,4.50733,0,4.314126,0,0,0,0,0,0,2.222442,2.238153,9;
seed 0;s:1369735987;h:0,0,0,0;t:cave;n:2;l:7109;u:0,0,0,4.177091,0,0,0,0,0,0,4.275583,0,0,4.555251,0,0,0,0,0,0,0,2.222442,2.238153,9;u:0,0,0,4.177091,0,0,0,0,0,0,4.275583,0,0,4.555251,0,0,0,0,0,0,0,2.222442,2.238153,9;
seed 0;s:992681988;h:0,0,0,0;t:cave;n:2;l:7300;u:0,0,0,0,0,4.446023,0,4.532556,0,0,0,4.644512,0,0,0,0,0,0,0,0,0,4.549398,4.553881,7.408438;u:0,0,0,0,0,4.446023,0,4.532556,0,0,0,4.644512,0,0,0,0,0,0,0,0,0,4.549398,4.553881,7.408438;
seed 0;s:2127912266;h:0,0,0,0;t:cave;n:2;l:7300;u:0,0,0,4.312612,0,0,0,0,4.414322,0,0,0,4.428831,0,0,0,0,4.348173,0,0,0,4.549398,4.553881,7.408438;u:0,0,0,4.312612,0,0,0,0,4.414322,0,0,0,4.428831,0,0,0,0,4.348173,0,0,0,4.549398,4.553881,7.408438;
seed 0;s:1228728751;h:0,0,0,0;t:cave;n:2;l:7300;u:0,0,0,0,4.208641,4.498721,0,4.263437,0,4.053705,0,0,0,0,0,0,0,0,0,0,0,4.549398,4.553881,7.408438;u:0,0,0,0,4.208641,4.498721,0,4.263437,0,4.053705,0,0,0,0,0,0,0,0,0,0,0,4.549398,4.553881,7.408438;
seed 0;s:1309480991;h:0,0,0,0;t:cave;n:2;l:7300;u:0,0,0,0,0,4.313522,0,0,0,0,4.453172,4.429754,0,4.489387,0,0,0,0,0,0,0,4.549398,4.553881,7.408438;u:0,0,0,0,0,4.313522,0,0,0,0,4.453172,4.429754,0,4.489387,0,0,0,0,0,0,0,4.549398,4.553881,7.408438;
seed 0;s:2010978245;h:0,0,0,0;t:cave;n:2;l:7300;u:0,0,0,4.449331,0,0,0,0,4.330692,0,4.315485,0,4.644919,0,0,0,0,0,0,0,0,4.549398,4.553881,7.408438;u:0,0,0,4.449331,0,0,0,0,4.330692,0,4.315485,0,4.644919,0,0,0,0,0,0,0,0,4.549398,4.553881,7.408438;
seed 0;s:1417323503;h:0,0,0,0;t:cave;n:2;l:7300;u:0,0,0,0,0,0,4.498502,0,0,6.94193,0,0,0,0,0,0,0,0,0,0,0,4.549398,4.553881,7.408438;u:0,0,0,0,0,0,4.498502,0,0,6.94193,0,0,0,0,0,0,0,0,0,0,0,4.549398,4.553881,7.408438;
seed 0;s:1265311442;h:0,0,0,0;t:cave;n:2;l:7300;u:0,0,0,0,0,4.35236,0,0,0,0,4.18216,0,0,0,0,0,0,0,0,0,0,4.549398,4.553881,7.408438;u:0,0,0,0,0,4.35236,0,0,0,0,4.18216,0,0,0,0,0,0,0,0,0,0,4.549398,4.553881,7.408438;
seed 0;s:1786733318;h:0,0,0,0;t:cave;n:2;l:7300;u:0,0,0,9,0,0,0,0,0,0,0,0,0,0,0,0,0,6.424036,0,0,0,4.549398,4.553881,7.408438;u:0,0,0,9,0,0,0,0,0,0,0,0,0,0,0,0,0,6.424036,0,0,0,4.549398,4.553881,7.408438;
seed 0;s:1246059503;h:0,0,0,0;t:cave;n:2;l:7300;u:0,0,0,0,0,0,0,0,0,0,0,0,5.896612,0,0,4.54217,0,0,0,0,0,4.549398,4.553881,7.408438;u:0,0,0,0,0,0,0,0,0,0,0,0,5.896612,0,0,4.54217,0,0,0,0,0,4.549398,4.553881,7.408438;
seed 0;s:2017819737;h:0,0,0,0;t:cave;n:2;l:7300;u:0,0,0,0,0,0,2.048605,0,4.650642,0,4.419867,0,0,0,0,0,0,0,0,0,0,4.549398,4.553881,7.408438;u:0,0,0,0,0,0,2.048605,0,4.650642,0,4.419867,0,0,0,0,0,0,0,0,0,0,4.549398,4.553881,7.408438;
seed 0;s:1090986173;h:0,0,0,0;t:cave;n:2;l:7300;u:0,0,0,0,9,0,0,0,0,4.927447,0,0,0,0,0,0,0,0,0,0,0,4.549398,4.553881,7.408438;u:0,0,0,0,9,0,0,0,0,4.927447,0,0,0,0,0,0,0,0,0,0,0,4.549398,4.553881,7.408438;
seed 0;s:859092787;h:0,0,0,0;t:cave;n:2;l:7300;u:0,0,0,0,0,0,4.305424,0,0,0,0,0,0,4.467727,0,0,0,0,0,0,0,4.549398,4.553881,7.408438;u:0,0,0,0,0,0,4.305424,0,0,0,0,0,0,4.467727,0,0,0,0,0,0,0,4.549398,4.553881,7.408438;
seed 0;s:1402983194;h:0,0,0,0;t:cave;n:2;l:7300;u:0,0,0,0,0,4.483655,0,7.156352,0,0,0,0,0,0,0,0,0,0,0,0,0,4.549398,4.553881,7.408438;u:0,0,0,0,0,4.483655,0,7.156352,0,0,0,0,0,0,0,0,0,0,0,0,0,4.549398,4.553881,7.408438;
seed 0;s:912797816;h:0,0,0,0;t:cave;n:2;l:7300;u:0,0,0,0,0,0,0,0,0,0,0,9,0,0,0,0,0,0,0,0,0,4.549398,4.553881,7.408438;u:0,0,0,0,0,0,0,0,0,0,0,9,0,0,0,0,0,0,0,0,0,4.549398,4.553881,7.408438;
seed 0;s:1664835628;h:0,0,0,0;t:cave;n:2;l:7300;u:0,0,0,0,0,0,4.156589,0,0,0,0,9,0,0,0,0,0,0,0,0,0,4.549398,4.553881,7.408438;u:0,0,0,0,0,0,4.156589,0,0,0,0,9,0,0,0,0,0,0,0,0,0,4.549398,4.553881,7.408438;
seed 0;s:992404577;h:0,0,0,0;t:cave;n:2;l:7300;u:0,0,0,0,4.517079,0,0,4.377682,4.441185,0,0,0,0,4.381944,4.463497,4.310445,0,4.717517,0,0,0,4.549398,7.955263,7.408438;u:0,0,0,0,4.517079,0,0,4.377682,4.441185,0,0,0,0,4.381944,4.463497,4.310445,0,4.717517,0,0,0,4.549398,7.955263,7.408438;
seed 0;s:2084784006;h:0,0,0,0;t:cave;n:2;l:7240;u:0,0,0,4.564643,0,0,0,4.347689,0,0,0,0,4.511088,0,0,0,0,0,0,0,0,4.070093,4.18674,6.91038;u:0,0,0,4.564643,0,0,0,4.347689,0,0,0,0,4.511088,0,0,0,0,0,0,0,0,4.070093,4.18674,6.91038;
seed 0;s:366396219;h:0,0,0,0;t:cave;n:2;l:7240;u:0,0,0,0,0,0,0,0,0,0,4.462703,0,4.511088,4.352371,0,0,0,0,0,0,0,4.070093,4.18674,6.91038;u:0,0,0,0,0,0,0,0,0,0,4.462703,0,4.511088,4.352371,0,0,0,0,0,0,0,4.070093,4.18674,6.91038;
seed 0;s:691036679;h:0,0,0,0;t:cave;n:2;l:7240;u:0,0,0,0,0,4.241913,0,0,0,4.553881,0,0,0,0,4.412786,0,0,0,0,0,0,4.070093,4.18674,6.91038;u:0,0,0,0,0,4.241913,0,0,0,4.553881,0,0,0,0,4.412786,0,0,0,0,0,0,4.070093,4.18674,6.91038;
seed 0;s:1890559050;h:0,0,0,0;t:cave;n:2;l:7240;u:0,0,0,0,4.267889,4.241913,4.18911,0,0,4.203716,0,0,0,0,0,0,0,0,0,0,0,4.070093,4.18674,6.91038;u:0,0,0,0,4.267889,4.241913,4.18911,0,0,4.203716,0,0,0,0,0,0,0,0,0,0,0,4.070093,4.18674,6.91038;
seed 0;s:1670327340;h:0,0,0,0;t:cave;n:2;l:7240;u:0,0,0,0,4.200971,0,4.18911,0,0,0,0,0,0,4.254278,0,0,0,0,0,0,0,4.070093,4.18674,6.91038;u:0,0,0,0,4.200971,0,4.18911,0,0,0,0,0,0,4.254278,0,0,0,0,0,0,0,4.070093,4.18674,6.91038;
seed 0;s:361629672;h:0,0,0,0;t:cave;n:2;l:7240;u:0,0,0,4.224901,4.200971,0,0,0,0,0,0,3.98906,0,0,4.175019,0,0,0,0,0,0,4.070093,4.18674,6.91038;u:0,0,0,4.224901,4.200971,0,0,0,0,0,0,3.98906,0,0,4.175019,0,0,0,0,0,0,4.070093,4.18674,6.91038;
seed 0;s:1465978710;h:0,0,0,0;t:cave;n:2;l:7240;u:0,0,0,0,4.200971,0,4.642449,0,0,0,4.607318,0,0,0,0,0,0,0,0,0,0,4.070093,4.18674,6.91038;u:0,0,0,0,4.200971,0,4.642449,0,0,0,4.607318,0,0,0,0,0,0,0,0,0,0,4.070093,4.18674,6.91038;
seed 0;s:30091264;h:0,0,0,0;t:cave;n:2;l:7240;u:0,0,0,0,6.932169,0,0,6.751763,0,0,0,0,0,6.587883,0,0,0,0,0,0,0,9,4.18674,6.91038;u:0,0,0,0,6.932169,0,0,6.751763,0,0,0,0,0,6.587883,0,0,0,0,0,0,0,9,4.18674,6.91038;
seed 0;s:38262450;h:6,0,0,0;t:cave;n:1;l:15000;u:0,0,0,0,0,0,0,0,0,0,0,0,0,0,0,0,0,0,0,0,0,4.19093,4.18674,4.405898;
seed 0;s:679641041;h:6,0,0,0;t:cave;n:1;l:15000;u:0,0,0,0,0,0,0,0,0,2.31365,0,0,0,0,0,0,0,0,0,0,0,4.543737,4.208188,4.414433;
seed 0;s:2076066500;h:6,0,0,0;t:cave;n:1;l:15000;u:0,0,0,0,0,0,3.597496,0,0,0,0,0,0,0,0,0,0,0,0,0,0,4.543737,4.208188,4.414433;darkness;
seed 0;s:663535459;h:6,0,0,0;t:cave;n:1;l:15000;u:0,0,0,0,0,0,0,0,0,0,9,0,0,0,0,0,0,0,0,0,0,4.543737,4.208188,4.414433;darkness;
seed 0;s:1129827285;h:6,0,0,0;t:cave;n:1;l:15000;u:0,0,0,0,0,0,0,0,0,0,0,0,9,0,0,0,0,0,0,0,0,4.543737,4.208188,4.414433;wall;darkness;
seed 0;s:320361490;h:0,0,0,0;t:cave;n:3;l:5226;u:0,0,0,0,4.19503,0,4.494909,4.534298,0,0,4.569972,0,0,0,0,0,0,0,0,0,0,4.425226,4.307538,4.313069;u:0,0,0,0,4.19503,0,4.494909,4.534298,0,0,4.569972,0,0,0,0,0,0,0,0,0,0,4.425226,4.307538,4.313069;u:0,0,0,0,4.19503,0,4.494909,4.534298,0,0,4.569972,0,0,0,0,0,0,0,0,0,0,4.425226,4.307538,4.313069;
seed 0;s:191682473;h:0,0,0,0;t:cave;n:3;l:5380;u:0,0,0,0,0,4.341349,4.562721,4.527641,0,0,0,0,0,0,0,0,0,0,0,0,0,4.341115,4.559706,7.771596;u:0,0,0,0,0,4.341349,4.562721,4.527641,0,0,0,0,0,0,0,0,0,0,0,0,0,4.341115,4.559706,7.771596;u:0,0,0,0,0,4.341349,4.562721,4.527641,0,0,0,0,0,0,0,0,0,0,0,0,0,4.341115,4.559706,7.771596;
seed 0;s:135703562;h:0,0,0,0;t:cave;n:3;l:5380;u:0,0,0,0,9,0,0,0,0,0,0,0,4.378013,0,0,0,0,3.969931,0,0,0,4.341115,4.559706,7.771596;u:0,0,0,0,9,0,0,0,0,0,0,0,4.378013,0,0,0,0,3.969931,0,0,0,4.341115,4.559706,7.771596;u:0,0,0,0,9,0,0,0,0,0,0,0,4.378013,0,0,0,0,3.969931,0,0,0,4.341115,4.559706,7.771596;
seed 0;s:967426142;h:0,0,0,0;t:cave;n:3;l:5380;u:0,0,0,4.437078,0,0,0,0,0,0,4.327319,0,0,0,2.136625,0,0,0,0,0,0,4.341115,4.559706,7.771596;u:0,0,0,4.437078,0,0,0,0,0,0,4.327319,0,0,0,2.136625,0,0,0,0,0,0,4.341115,4.559706,7.771596;u:0,0,0,4.437078,0,0,0,0,0,0,4.327319,0,0,0,2.136625,0,0,0,0,0,0,4.341115,4.559706,7.771596;
seed 0;s:29408204;h:0,0,0,0;t:cave;n:3;l:5380;u:0,0,0,0,0,4.373787,0,0,0,4.710829,0,0,0,0,0,4.34509,0,0,0,0,0,4.341115,4.559706,7.771596;u:0,0,0,0,0,4.373787,0,0,0,4.710829,0,0,0,0,0,4.34509,0,0,0,0,0,4.341115,4.559706,7.771596;u:0,0,0,0,0,4.373787,0,0,0,4.710829,0,0,0,0,0,4.34509,0,0,0,0,0,4.341115,4.559706,7.771596;
seed 0;s:103047805;h:0,0,0,0;t:cave;n:3;l:5380;u:0,0,0,0,0,0,4.386626,9,0,0,0,0,0,0,0,0,0,0,0,0,0,4.341115,4.559706,7.771596;u:0,0,0,0,0,0,4.386626,9,0,0,0,0,0,0,0,0,0,0,0,0,0,4.341115,4.559706,7.771596;u:0,0,0,0,0,0,4.386626,9,0,0,0,0,0,0,0,0,0,0,0,0,0,4.341115,4.559706,7.771596;
seed 0;s:861815241;h:0,0,0,0;t:cave;n:3;l:5380;u:0,0,0,4.211812,0,4.516626,0,0,0,0,0,0,0,0,0,0,0,0,0,0,0,4.341115,4.559706,7.771596;u:0,0,0,4.211812,0,4.516626,0,0,0,0,0,0,0,0,0,0,0,0,0,0,0,4.341115,4.559706,7.771596;u:0,0,0,4.211812,0,4.516626,0,0,0,0,0,0,0,0,0,0,0,0,0,0,0,4.341115,4.559706,7.771596;
seed 0;s:829869352;h:0,0,0,0;t:cave;n:3;l:5380;u:0,0,0,4.479447,0,4.516626,4.456694,0,0,4.37844,4.553881,0,4.468525,0,0,0,0,0,0,0,0,4.341115,4.559706,7.771596;u:0,0,0,4.479447,0,4.516626,4.456694,0,0,4.37844,4.553881,0,4.468525,0,0,0,0,0,0,0,0,4.341115,4.559706,7.771596;u:0,0,0,4.479447,0,4.516626,4.456694,0,0,4.37844,4.553881,0,4.468525,0,0,0,0,0,0,0,0,4.341115,4.559706,7.771596;
seed 0;s:1454272274;h:0,0,0,0;t:cave;n:2;l:7300;u:0,0,0,0,4.469775,0,4.620703,0,0,0,0,0,4.478517,0,4.705141,0,0,0,0,0,0,4.549398,4.598399,7.408438;u:0,0,0,0,4.469775,0,4.620703,0,0,0,0,0,4.478517,0,4.705141,0,0,0,0,0,0,4.549398,4.598399,7.408438;
seed 0;s:793862855;h:0,0,0,0;t:cave;n:3;l:5380;u:0,0,0,4.270014,0,0,0,0,0,0,4.368954,0,0,4.639029,0,0,0,0,0,0,0,4.341115,4.559706,7.771596;u:0,0,0,4.270014,0,0,0,0,0,0,4.368954,0,0,4.639029,0,0,0,0,0,0,0,4.341115,4.559706,7.771596;u:0,0,0,4.270014,0,0,0,0,0,0,4.368954,0,0,4.639029,0,0,0,0,0,0,0,4.341115,4.559706,7.771596;
seed 0;s:1428159371;h:0,0,0,0;t:cave;n:3;l:5380;u:0,0,0,4.59946,0,0,0,0,4.500299,0,0,0,4.636619,0,0,0,0,0,0,0,0,4.341115,4.559706,7.771596;u:0,0,0,4.59946,0,0,0,0,4.500299,0,0,0,4.636619,0,0,0,0,0,0,0,0,4.341115,4.559706,7.771596;u:0,0,0,4.59946,0,0,0,0,4.500299,0,0,0,4.636619,0,0,0,0,0,0,0,0,4.341115,4.559706,7.771596;
seed 0;s:117111395;h:0,0,0,0;t:cave;n:3;l:5380;u:0,0,0,0,0,0,0,0,4.500299,0,0,9,0,0,0,0,0,0,0,0,0,4.341115,4.559706,7.771596;u:0,0,0,0,0,0,0,0,4.500299,0,0,9,0,0,0,0,0,0,0,0,0,4.341115,4.559706,7.771596;u:0,0,0,0,0,0,0,0,4.500299,0,0,9,0,0,0,0,0,0,0,0,0,4.341115,4.559706,7.771596;
seed 0;s:1276808757;h:0,0,0,0;t:cave;n:3;l:5380;u:0,0,0,0,4.710082,0,0,4.50146,4.500299,0,0,0,0,4.553881,4.33935,4.553881,0,4.398479,0,0,0,4.341115,4.559706,7.771596;u:0,0,0,0,4.710082,0,0,4.50146,4.500299,0,0,0,0,4.553881,4.33935,4.553881,0,4.398479,0,0,0,4.341115,4.559706,7.771596;u:0,0,0,0,4.710082,0,0,4.50146,4.500299,0,0,0,0,4.553881,4.33935,4.553881,0,4.398479,0,0,0,4.341115,4.559706,7.771596;
seed 0;s:689485109;h:0,0,0,0;t:cave;n:3;l:5380;u:0,0,0,0,0,0,0,4.376485,0,4.480474,6.359799,0,0,0,0,0,0,0,0,0,0,4.341115,4.559706,7.771596;u:0,0,0,0,0,0,0,4.376485,0,4.480474,6.359799,0,0,0,0,0,0,0,0,0,0,4.341115,4.559706,7.771596;u:0,0,0,0,0,0,0,4.376485,0,4.480474,6.359799,0,0,0,0,0,0,0,0,0,0,4.341115,4.559706,7.771596;
seed 0;s:563595355;h:0,0,0,0;t:cave;n:3;l:5380;u:0,0,0,0,0,4.573674,0,0,0,0,0,4.720443,0,0,0,4.47395,0,0,0,0,0,4.345423,4.499883,7.771596;u:0,0,0,0,0,4.573674,0,0,0,0,0,4.720443,0,0,0,4.47395,0,0,0,0,0,4.345423,4.499883,7.771596;u:0,0,0,0,0,4.573674,0,0,0,0,0,4.720443,0,0,0,4.47395,0,0,0,0,0,4.345423,4.499883,7.771596;
seed 0;s:297625916;h:0,0,0,0;t:cave;n:3;l:5380;u:0,0,0,0,0,0,0,0,0,0,0,0,0,0,0,0,0,0,0,0,0,4.345423,4.499883,7.771596;u:0,0,0,0,0,0,0,0,0,0,0,0,0,0,0,0,0,0,0,0,0,4.345423,4.499883,7.771596;u:0,0,0,0,0,0,0,0,0,0,0,0,0,0,0,0,0,0,0,0,0,4.345423,4.499883,7.771596;
seed 0;s:1082998495;h:0,0,0,0;t:cave;n:2;l:6894;u:0,0,0,0,0,0,4.176345,4.364043,0,4.371068,4.057711,0,0,0,0,0,0,0,0,0,0,4.430818,4.550108,9;u:0,0,0,0,0,0,4.176345,4.364043,0,4.371068,4.057711,0,0,0,0,0,0,0,0,0,0,4.430818,4.550108,9;
seed 0;s:353880145;h:0,0,0,0;t:cave;n:3;l:5380;u:0,0,0,0,0,0,4.419486,0,0,0,0,0,4.522758,6.970553,6.891803,0,0,0,0,0,0,4.345423,4.499883,7.771596;u:0,0,0,0,0,0,4.419486,0,0,0,0,0,4.522758,6.970553,6.891803,0,0,0,0,0,0,4.345423,4.499883,7.771596;u:0,0,0,0,0,0,4.419486,0,0,0,0,0,4.522758,6.970553,6.891803,0,0,0,0,0,0,4.345423,4.499883,7.771596;
seed 0;s:583118807;h:0,0,0,0;t:cave;n:3;l:5380;u:0,0,0,9,4.538679,0,4.551668,0,0,0,0,0,0,0,0,0,0,0,0,0,0,4.345423,4.499883,7.771596;u:0,0,0,9,4.538679,0,4.551668,0,0,0,0,0,0,0,0,0,0,0,0,0,0,4.345423,4.499883,7.771596;u:0,0,0,9,4.538679,0,4.551668,0,0,0,0,0,0,0,0,0,0,0,0,0,0,4.345423,4.499883,7.771596;
seed 0;s:172183056;h:0,0,0,0;t:cave;n:3;l:5380;u:0,0,0,0,0,0,0,0,4.675128,0,0,4.80671,0,0,4.367361,0,0,0,0,0,0,4.345423,4.499883,7.771596;u:0,0,0,0,0,0,0,0,4.675128,0,0,4.80671,0,0,4.367361,0,0,0,0,0,0,4.345423,4.499883,7.771596;u:0,0,0,0,0,0,0,0,4.675128,0,0,4.80671,0,0,4.367361,0,0,0,0,0,0,4.345423,4.499883,7.771596;
seed 0;s:133940954;h:0,0,0,0;t:cave;n:3;l:5174;u:0,0,0,0,0,0,0,0,0,6.769038,0,0,0,0,0,0,0,0,0,0,0,4.280785,4.361663,9;u:0,0,0,0,0,0,0,0,0,6.769038,0,0,0,0,0,0,0,0,0,0,0,4.280785,4.361663,9;u:0,0,0,0,0,0,0,0,0,6.769038,0,0,0,0,0,0,0,0,0,0,0,4.280785,4.361663,9;
seed 0;s:733685692;h:0,0,0,0;t:cave;n:3;l:5174;u:0,0,0,0,0,0,4.665101,0,0,0,4.471129,0,0,0,0,0,0,0,0,0,0,4.280785,4.361663,9;u:0,0,0,0,0,0,4.665101,0,0,0,4.471129,0,0,0,0,0,0,0,0,0,0,4.280785,4.361663,9;u:0,0,0,0,0,0,4.665101,0,0,0,4.471129,0,0,0,0,0,0,0,0,0,0,4.280785,4.361663,9;
seed 0;s:1537753133;h:0,0,0,0;t:cave;n:3;l:5174;u:0,0,0,5.92088,0,0,0,0,0,0,0,0,3.049364,0,0,4.524585,0,0,0,0,0,4.280785,4.361663,9;u:0,0,0,5.92088,0,0,0,0,0,0,0,0,3.049364,0,0,4.524585,0,0,0,0,0,4.280785,4.361663,9;u:0,0,0,5.92088,0,0,0,0,0,0,0,0,3.049364,0,0,4.524585,0,0,0,0,0,4.280785,4.361663,9;
seed 0;s:1973458671;h:0,0,0,0;t:cave;n:3;l:5174;u:0,0,0,0,0,0,4.575433,4.743382,0,0,0,4.64069,0,0,0,0,0,0,0,0,0,4.280785,4.361663,9;u:0,0,0,0,0,0,4.575433,4.743382,0,0,0,4.64069,0,0,0,0,0,0,0,0,0,4.280785,4.361663,9;u:0,0,0,0,0,0,4.575433,4.743382,0,0,0,4.64069,0,0,0,0,0,0,0,0,0,4.280785,4.361663,9;
seed 0;s:886140200;h:0,0,0,0;t:cave;n:3;l:5174;u:0,0,0,0,0,2.879409,3.052394,4.743382,0,2.417746,2.615271,0,0,0,0,0,0,0,0,0,0,4.280785,4.361663,9;u:0,0,0,0,0,2.879409,3.052394,4.743382,0,2.417746,2.615271,0,0,0,0,0,0,0,0,0,0,4.280785,4.361663,9;u:0,0,0,0,0,2.879409,3.052394,4.743382,0,2.417746,2.615271,0,0,0,0,0,0,0,0,0,0,4.280785,4.361663,9;
seed 0;s:277398184;h:0,0,0,0;t:cave;n:2;l:6894;u:0,0,0,0.4526959,0,0.1636364,4.417114,4.399781,0,0.3233272,0.3395454,0.2777838,0.3950598,0,0,0,0,0,0,0,0,4.430818,4.550108,9;u:0,0,0,0.4526959,0,0.1636364,4.417114,4.399781,0,0.3233272,0.3395454,0.2777838,0.3950598,0,0,0,0,0,0,0,0,4.430818,4.550108,9;
seed 0;s:79936964;h:0,0,0,0;t:cave;n:3;l:5174;u:0,0,0,4.430818,0,0,0,0,4.386615,0,0,4.530016,0,0,0,4.329551,0,0,0,0,0,4.280785,4.361663,9;u:0,0,0,4.430818,0,0,0,0,4.386615,0,0,4.530016,0,0,0,4.329551,0,0,0,0,0,4.280785,4.361663,9;u:0,0,0,4.430818,0,0,0,0,4.386615,0,0,4.530016,0,0,0,4.329551,0,0,0,0,0,4.280785,4.361663,9;
seed 0;s:99956815;h:0,0,0,0;t:cave;n:3;l:5174;u:0,0,0,0,0,4.316129,0,0,0,0,4.197424,0,0,0,4.491269,0,0,0,0,0,0,4.280785,4.361663,9;u:0,0,0,0,0,4.316129,0,0,0,0,4.197424,0,0,0,4.491269,0,0,0,0,0,0,4.280785,4.361663,9;u:0,0,0,0,0,4.316129,0,0,0,0,4.197424,0,0,0,4.491269,0,0,0,0,0,0,4.280785,4.361663,9;
seed 0;s:642487232;h:0,0,0,0;t:cave;n:3;l:5174;u:0,0,0,0,4.408026,0,0,4.25365,0,0,0,0,4.553881,4.564539,0,0,0,0,0,0,0,4.280785,4.361663,9;u:0,0,0,0,4.408026,0,0,4.25365,0,0,0,0,4.553881,4.564539,0,0,0,0,0,0,0,4.280785,4.361663,9;u:0,0,0,0,4.408026,0,0,4.25365,0,0,0,0,4.553881,4.564539,0,0,0,0,0,0,0,4.280785,4.361663,9;
seed 0;s:1225696434;h:0,0,0,0;t:cave;n:2;l:7300;u:0,0,0,4.533241,0,0,0,0,0,4.399664,0,4.580946,0,4.536678,0,4.34796,0,0,0,0,0,4.549398,4.598399,7.408438;u:0,0,0,4.533241,0,0,0,0,0,4.399664,0,4.580946,0,4.536678,0,4.34796,0,0,0,0,0,4.549398,4.598399,7.408438;
seed 0;s:841643648;h:0,0,0,0;t:cave;n:3;l:5174;u:0,0,0,0,0,0,0,0,4.526893,0,0,4.378923,4.54427,0,4.535751,4.42701,0,0,0,0,0,4.280785,4.361663,9;u:0,0,0,0,0,0,0,0,4.526893,0,0,4.378923,4.54427,0,4.535751,4.42701,0,0,0,0,0,4.280785,4.361663,9;u:0,0,0,0,0,0,0,0,4.526893,0,0,4.378923,4.54427,0,4.535751,4.42701,0,0,0,0,0,4.280785,4.361663,9;
seed 0;s:55734042;h:0,0,0,0;t:cave;n:3;l:5174;u:0,0,0,4.442878,0,4.34702,0,0,0,0,0,0,0,0,0,0,0,4.280649,0,0,0,4.280785,4.361663,9;u:0,0,0,4.442878,0,4.34702,0,0,0,0,0,0,0,0,0,0,0,4.280649,0,0,0,4.280785,4.361663,9;u:0,0,0,4.442878,0,4.34702,0,0,0,0,0,0,0,0,0,0,0,4.280649,0,0,0,4.280785,4.361663,9;
seed 0;s:1798893930;h:0,0,0,0;t:cave;n:3;l:5174;u:0,0,0,0.3395454,0,0.5031818,0.422163,0,0,0.4819185,0.5773649,0.4231443,0.3020037,0,0,0,0,0,0,0,0,4.280785,4.361663,9;u:0,0,0,0.3395454,0,0.5031818,0.422163,0,0,0.4819185,0.5773649,0.4231443,0.3020037,0,0,0,0,0,0,0,0,4.280785,4.361663,9;u:0,0,0,0.3395454,0,0.5031818,0.422163,0,0,0.4819185,0.5773649,0.4231443,0.3020037,0,0,0,0,0,0,0,0,4.280785,4.361663,9;
seed 0;s:2057740825;h:0,0,0,0;t:cave;n:3;l:5113;u:0,0,0,0,4.317293,0,4.419498,0,0,0,0,0,4.250447,0,0,0,0,0,0,0,0,4.348818,4.376072,9;u:0,0,0,0,4.317293,0,4.419498,0,0,0,0,0,4.250447,0,0,0,0,0,0,0,0,4.348818,4.376072,9;u:0,0,0,0,4.317293,0,4.419498,0,0,0,0,0,4.250447,0,0,0,0,0,0,0,0,4.348818,4.376072,9;
seed 0;s:1200742502;h:0,0,0,0;t:cave;n:3;l:5113;u:0,0,0,0,0,0,4.301926,4.224901,0,4.210887,0,0,0,0,0,0,0,0,0,0,0,4.348818,4.376072,9;u:0,0,0,0,0,0,4.301926,4.224901,0,4.210887,0,0,0,0,0,0,0,0,0,0,0,4.348818,4.376072,9;u:0,0,0,0,0,0,4.301926,4.224901,0,4.210887,0,0,0,0,0,0,0,0,0,0,0,4.348818,4.376072,9;
seed 0;s:1574917619;h:0,0,0,0;t:cave;n:3;l:5113;u:0,0,0,0,0,0,4.320877,0,0,0,4.217762,6.178971,0,0,0,0,0,0,0,0,0,4.348818,4.376072,9;u:0,0,0,0,0,0,4.320877,0,0,0,4.217762,6.178971,0,0,0,0,0,0,0,0,0,4.348818,4.376072,9;u:0,0,0,0,0,0,4.320877,0,0,0,4.217762,6.178971,0,0,0,0,0,0,0,0,0,4.348818,4.376072,9;
seed 0;s:1981856054;h:2,0,0,0;t:cave;n:1;l:15000;u:0,0,0,0,0,0,0,0,0,0,0,0,0,0,0,0,0,0,0,0,0,0,0,9;
seed 0;s:722097417;h:2,0,0,0;t:cave;n:1;l:15000;u:0,0,0,4.317017,0,0,4.108088,0,0,0,0,0,0,0,0,0,0,0,0,0,0,0,0,9;
seed 0;s:224854089;h:2,0,0,0;t:cave;n:1;l:15000;u:0,0,0,0,0,0,0,0,0,4.581614,4.072784,0,0,0,0,0,0,0,0,0,0,0,2.919491,9;
seed 0;s:600311447;h:2,0,0,0;t:cave;n:1;l:15000;u:0,0,0,0,0,0,0,0,7.922289,0,0,9,0,0,0,0,0,0,0,0,0,4.179911,2.919491,9;
seed 0;s:925835058;h:2,0,0,0;t:cave;n:1;l:15000;u:0,0,0,0,0,4.388537,0,4.699662,0,0,0,0,0,0,0,0,0,5.191239,0,0,0,4.179911,2.919491,9;wall;fadeout;


------------------------------------------------------------------------------------------------------------------------------------------------------------------------------------------------------------------------------
chapter 4
------------------------------------------------------------------------------------------------------------------------------------------------------------------------------------------------------------------------------
movie Cutscene_5

seed seed 0;s:305632318;h:0,0,0,0;t:forest;n:2;l:5110;u:0,0,0,0,2.319968,0,0,1.375736,0,0,3.318264,0,0,0,0,0,0,0,0,0,0,1.659075,2.474871,0;u:0,0,0,0,2.319968,0,0,1.375736,0,0,3.318264,0,0,0,0,0,0,0,0,0,0,1.659075,2.474871,0;fadein;opendoor:30;opendoorsound;song:House^Blind_Digital;
seed seed 0;s:1959684395;h:0,0,0,0;t:forest;n:2;l:5110;u:0,0,0,0,0,3.211595,3.977276,0,0,2.200821,0,0,0,0,0,0,0,0,0,0,0,1.659075,2.474871,0;u:0,0,0,0,0,3.211595,3.977276,0,0,2.200821,0,0,0,0,0,0,0,0,0,0,0,1.659075,2.474871,0;fadeout;

movie Cutscene_6

end



------------------------------------------------------------------------------------------------------------------------------------------------------------------------------------------------------------------------------
chapter 5
------------------------------------------------------------------------------------------------------------------------------------------------------------------------------------------------------------------------------
seed seed 0;s:305632318;h:0,0,0,0;t:forest;n:2;l:5110;u:0,0,0,0,2.319968,0,0,1.375736,0,0,3.318264,0,0,0,0,0,0,0,0,0,0,1.659075,2.474871,0;u:0,0,0,0,2.319968,0,0,1.375736,0,0,3.318264,0,0,0,0,0,0,0,0,0,0,1.659075,2.474871,0;fadein;opendoor:30;opendoorsound;song:House^Blind_Digital;
seed seed 0;s:1959684395;h:0,0,0,0;t:forest;n:2;l:5110;u:0,0,0,0,0,3.211595,3.977276,0,0,2.200821,0,0,0,0,0,0,0,0,0,0,0,1.659075,2.474871,0;u:0,0,0,0,0,3.211595,3.977276,0,0,2.200821,0,0,0,0,0,0,0,0,0,0,0,1.659075,2.474871,0;fadeout;

end